0.201778	0.385989	-1.24257	-2.37696	0.158219	0.214052	3.55768	2.37862
0.218459	0.68347	-0.116709	3.57063	0.131777	0.162405	4.15906	3.03082
-0.181706	0.759662	-7.42429	2.40144	0.113333	0.161305	3.7183	2.83378
-0.424708	0.730687	-4.50061	1.63449	0.10333	0.153959	3.22366	2.58401
-0.658957	0.59286	-4.05497	1.18505	0.0960873	0.137769	2.90263	2.36873
-0.858884	0.636135	-4.03514	1.14415	0.0880435	0.126458	2.6682	2.20926
-1.11406	0.666691	-4.41221	0.966512	0.0824982	0.119317	2.4747	2.07473
-1.31079	0.696844	-4.32366	0.952699	0.0772481	0.115903	2.32111	1.96625
-1.5299	0.700118	-4.33908	0.722615	0.0735568	0.113169	2.19389	1.86634
-1.69864	0.719812	-4.20586	0.743794	0.0769399	0.112272	2.08996	1.78255
-1.9486	0.711202	-4.44793	0.535147	0.07852	0.110449	1.99565	1.70443
-2.1904	0.744795	-4.49031	0.537834	0.0796746	0.111084	1.9129	1.63612
-2.47643	0.652071	-4.76277	0.00845478	0.0775968	0.106844	1.8379	1.57243
-2.72032	0.67975	-4.76195	0.112504	0.0756285	0.103448	1.77109	1.51532
-2.98144	0.696131	-4.75777	0.123533	0.0732808	0.100605	1.7111	1.46407
-3.23348	0.731492	-4.77603	0.22511	0.0710008	0.0989467	1.65679	1.41758
-3.47971	0.701679	-4.79451	0.0677751	0.0688904	0.0962268	1.60733	1.37599
-3.72926	0.646298	-4.82813	-0.149969	0.0669568	0.0940169	1.56204	1.34112
-3.96765	0.683399	-4.89129	0.0216686	0.0651725	0.091613	1.52048	1.30709
-4.25085	0.629263	-4.97163	-0.184699	0.0642964	0.0915183	1.4824	1.27955
-4.49256	0.622736	-4.95689	-0.173499	0.0635286	0.0927415	1.44701	1.2546
-4.73498	0.677902	-4.939	0.0412787	0.0628816	0.0921759	1.41399	1.2284
-4.96105	0.744986	-4.96732	0.270359	0.061877	0.0904313	1.38328	1.20203
-5.22279	0.74618	-4.99319	0.227231	0.0615648	0.0892843	1.35466	1.17801
-5.48785	0.726458	-5.10701	0.135717	0.0623266	0.0898465	1.3286	1.15701
-5.7094	0.822988	-5.03294	0.424775	0.0622217	0.0883515	1.30354	1.13495
-5.93899	0.913665	-4.77556	0.616407	0.0617763	0.0868519	1.27919	1.11374
-6.13055	0.932344	-4.69127	0.589291	0.0606632	0.0853221	1.25632	1.09378
-6.3819	0.974012	-4.96775	0.660424	0.059646	0.0839196	1.23486	1.07481
-6.65269	0.968009	-5.01533	0.53872	0.0591526	0.0826182	1.21476	1.05757
-6.89301	0.994711	-5.01032	0.542168	0.0587032	0.0815344	1.19565	1.04155
-7.13346	1.08828	-4.98134	0.740437	0.0583041	0.080295	1.17732	1.02541
-7.38449	1.07652	-4.92592	0.585568	0.0582395	0.0793978	1.15963	1.01148
-7.61864	1.12163	-4.90108	0.633959	0.0580538	0.0785834	1.14266	0.998251
-7.83498	1.1573	-4.83986	0.649668	0.0574357	0.0780841	1.12629	0.986054
-8.06489	1.18818	-4.81804	0.64717	0.0567456	0.0781665	1.11058	0.975114
-8.29812	1.29669	-4.85548	0.878116	0.0560455	0.0772469	1.09562	0.962914
-8.53052	1.32957	-4.8382	0.848372	0.0553417	0.0767438	1.08123	0.952016
-8.73947	1.36019	-4.49358	0.774599	0.0546783	0.0770128	1.06792	0.94317
-8.96056	1.46142	-4.47696	0.951822	0.0541892	0.0764672	1.05513	0.933333
-9.1988	1.48674	-4.7312	0.923574	0.0536797	0.0769457	1.04219	0.924949
-9.45785	1.50131	-4.77786	0.83115	0.0530372	0.079535	1.02982	0.919203
-9.70955	1.49866	-4.90623	0.719664	0.05248	0.0860342	1.01845	0.91701
-9.98422	1.64364	-4.94217	1.01865	0.0526361	0.0885301	1.00781	0.910872
-10.2038	1.77279	-4.78823	1.22785	0.052516	0.0892314	0.996853	0.903188
-10.4007	1.87328	-4.70389	1.34304	0.0519786	0.089506	0.98607	0.895317
-10.6589	1.96502	-4.87936	1.4336	0.0517868	0.089708	0.9765	0.887539
-10.8952	2.01739	-4.86883	1.38188	0.0517501	0.0910075	0.967332	0.881348
-11.1205	2.11001	-4.81572	1.44758	0.051681	0.0923574	0.958285	0.875467
-11.3041	2.27076	-4.6936	1.69921	0.0511692	0.0921676	0.949044	0.868029
-11.5447	2.35392	-4.71301	1.69487	0.0507636	0.0923954	0.940303	0.861521
-11.7781	2.50288	-4.6954	1.86969	0.0504852	0.0919054	0.931892	0.854389
-12.0325	2.6243	-4.82674	1.96519	0.0508388	0.0913162	0.924866	0.847343
-12.2751	2.75957	-4.82076	2.06491	0.0518325	0.0905745	0.918308	0.840359
-12.5128	2.83408	-4.72931	1.96518	0.0534662	0.0903516	0.911489	0.835032
-12.7218	3.00684	-4.66092	2.1709	0.0547664	0.0896193	0.904649	0.828771
-12.9453	3.12923	-4.61304	2.20385	0.0563314	0.0889369	0.897955	0.823044
-13.1384	3.31617	-4.52456	2.41685	0.0572291	0.0882169	0.891151	0.816585
-13.3284	3.41865	-4.39156	2.35636	0.0576036	0.0874763	0.884074	0.811244
-13.5097	3.56048	-4.31387	2.42841	0.0574954	0.0867501	0.877058	0.806119
-13.7392	3.7201	-4.35287	2.5346	0.057845	0.0860428	0.870632	0.80093
-13.9434	3.8268	-4.33286	2.48448	0.0582331	0.0854449	0.864557	0.797046
-14.1361	3.98206	-4.18718	2.54653	0.0584784	0.0848406	0.858169	0.793463
-14.3234	4.14737	-4.13554	2.65176	0.0585543	0.0842081	0.851961	0.78973
-14.5483	4.29859	-4.11721	2.68269	0.0592811	0.0836261	0.846099	0.786606
-14.7274	4.51296	-4.04426	2.89984	0.0597279	0.0830407	0.840324	0.782289
-14.9251	4.66123	-3.98833	2.89455	0.0603952	0.0824202	0.834728	0.778825
-15.0696	4.84321	-3.8734	3.00511	0.0603228	0.0818309	0.829046	0.775164
-15.2488	4.97849	-3.79077	2.94883	0.0602399	0.081295	0.823441	0.772956
-15.428	5.20169	-3.74793	3.1487	0.060192	0.0807406	0.818082	0.76958
-15.5856	5.37897	-3.52596	3.15224	0.0599694	0.0801821	0.812392	0.766993
-15.7861	5.50204	-3.58292	3.05653	0.0601661	0.0798631	0.807216	0.766482
-15.9587	5.63395	-3.58549	3.00637	0.0604857	0.0803838	0.802544	0.767767
-16.0836	5.84933	-3.46083	3.18862	0.0602932	0.0805388	0.797761	0.767501
-16.2507	5.99676	-3.35415	3.12088	0.0602162	0.08167	0.792981	0.769249
-16.3745	6.27558	-3.22965	3.44873	0.0598897	0.0814802	0.788154	0.767619
-16.5187	6.39917	-3.11059	3.28487	0.0595502	0.0826856	0.783326	0.769011
-16.6706	6.61809	-3.08471	3.42594	0.0592638	0.0836331	0.778843	0.769372
-16.8326	6.80897	-3.12553	3.48806	0.05919	0.085033	0.775179	0.769799
-17.0242	7.07889	-3.1603	3.72199	0.0601058	0.0853319	0.772583	0.768255
-17.1476	7.2733	-2.90526	3.67298	0.0608643	0.0860486	0.768923	0.768005
-17.2333	7.57715	-2.74614	3.99534	0.0609406	0.0856998	0.765025	0.765206
-17.3728	7.75912	-2.77951	3.95947	0.0613302	0.0857983	0.76205	0.763278
-17.4937	7.92113	-2.75776	3.87413	0.0618416	0.0870554	0.759807	0.762861
-17.6041	8.137	-2.58784	3.88857	0.0623799	0.0886123	0.757131	0.762932
-17.7389	8.38795	-2.57702	4.02903	0.0635772	0.0897431	0.755338	0.762039
-17.8249	8.55602	-2.31415	3.86286	0.0644863	0.0924968	0.752428	0.763755
-17.8761	8.88002	-2.13569	4.21014	0.0646714	0.0932184	0.749192	0.762095
-17.9547	9.0983	-1.87599	4.13405	0.064765	0.0943478	0.745373	0.76166
-17.9433	9.45572	-1.60587	4.54188	0.0644324	0.0939843	0.741269	0.758354
-18.0077	9.69436	-1.48531	4.52937	0.0641392	0.0936752	0.737235	0.755401
-18.0899	9.93192	-1.49664	4.5541	0.0638013	0.0934491	0.733568	0.752577
-18.184	10.1172	-1.47915	4.39806	0.0634968	0.0939833	0.730394	0.751216
-18.1761	10.4165	-1.27927	4.61976	0.0632983	0.0939036	0.726967	0.74848
-18.2616	10.6518	-1.42505	4.68563	0.0629652	0.0940115	0.725151	0.745576
-18.3292	10.8424	-1.43665	4.58036	0.0626789	0.0950635	0.724588	0.74354
-18.3832	11.0512	-1.22396	4.42165	0.0624974	0.0970255	0.723309	0.743052
-18.344	11.4714	-0.931167	4.93894	0.0622339	0.0966585	0.720903	0.739514
-18.3857	11.7104	-0.83476	4.86169	0.0619221	0.0964086	0.718772	0.736334
-18.4175	11.9662	-0.808468	4.89569	0.0616202	0.0961759	0.717461	0.733117
-18.4524	12.206	-0.822569	4.90147	0.0614234	0.0960961	0.717512	0.729956
-18.4892	12.4868	-0.797333	4.98852	0.0615373	0.0958412	0.718741	0.726591
-18.5013	12.7361	-0.57925	4.88485	0.0618676	0.0956562	0.719075	0.723601
-18.5019	13.0389	-0.492987	5.03398	0.0623787	0.0952403	0.719932	0.72023
-18.5004	13.2347	-0.192849	4.70794	0.0631672	0.095212	0.719221	0.718137
-18.4249	13.5668	0.0319375	4.96647	0.0632343	0.0947775	0.717841	0.714956
-18.4115	13.8306	0.149315	4.94197	0.0635265	0.0943393	0.716635	0.711842
-18.3648	14.109	0.247643	5.02926	0.0637245	0.0939081	0.715755	0.708584
-18.3329	14.3481	0.48075	4.84784	0.0641053	0.0934773	0.714196	0.705703
-18.2858	14.5767	0.523633	4.82407	0.0645653	0.0930936	0.713345	0.702853
-18.2306	14.8011	0.823299	4.58998	0.0650893	0.0928328	0.711413	0.700928
-18.123	15.1021	1.00115	4.7791	0.0651132	0.0924198	0.709287	0.698092
-18.0613	15.3561	1.017	4.83373	0.0652584	0.0920101	0.707895	0.695092
-17.9825	15.6097	1.0835	4.87125	0.0654222	0.0916069	0.707003	0.692049
-17.9131	15.8245	1.14403	4.77309	0.0657985	0.0912366	0.706698	0.689089
-17.8205	16.0721	1.22604	4.8064	0.0661861	0.0908598	0.706829	0.686114
-17.7899	16.3074	1.1061	4.82983	0.0677802	0.0904962	0.709529	0.683203
-17.6178	16.599	1.38863	4.98539	0.0682006	0.0901588	0.710543	0.680792
-17.4938	16.7732	1.80567	4.50502	0.0684828	0.0898155	0.70923	0.678044
-17.3759	17.03	1.88269	4.58548	0.0687851	0.0894406	0.708263	0.675213
-17.2476	17.2088	2.23279	4.17632	0.0690591	0.0891861	0.706076	0.673096
-17.0768	17.507	2.40977	4.39607	0.068976	0.0888477	0.70371	0.670341
-16.9298	17.6895	2.58283	4.18036	0.0688415	0.0884933	0.701208	0.667807
-16.7957	17.9144	2.60192	4.21716	0.0687767	0.0881365	0.699084	0.665134
-16.6442	18.1057	2.71987	4.09297	0.068707	0.0878109	0.696982	0.662534
-16.4831	18.262	2.75342	3.99653	0.0686066	0.0877242	0.695266	0.659979
-16.347	18.4491	2.77687	3.9286	0.0687087	0.0877622	0.694046	0.657428
-16.1585	18.6821	2.90894	4.02557	0.0686408	0.08757	0.692711	0.65491
-15.9831	18.8555	3.12625	3.77847	0.0685576	0.0875062	0.690848	0.652385
-15.7646	19.1192	3.30653	3.96099	0.0683087	0.0871699	0.688712	0.65017
-15.5849	19.2777	3.49479	3.65671	0.0680699	0.086877	0.686345	0.647686
-15.3941	19.4993	3.55102	3.7447	0.0678285	0.0865536	0.684116	0.645495
-15.1943	19.6442	3.76916	3.41155	0.0675792	0.0862402	0.681642	0.643065
-14.9556	19.8728	3.91536	3.55096	0.0673785	0.0859984	0.679131	0.640981
-14.7821	20.0102	3.96677	3.28179	0.0671287	0.0856923	0.676687	0.638637
-14.6533	20.1351	3.78326	3.17694	0.0671945	0.0853866	0.675008	0.636326
-14.4631	20.2636	3.81493	3.04895	0.0674498	0.0851377	0.67357	0.634029
-14.196	20.46	4.01763	3.16545	0.0673065	0.0848348	0.671647	0.632265
-13.9732	20.5735	4.1965	2.85346	0.0671455	0.0845381	0.669456	0.63006
-13.7819	20.7222	4.15495	2.85998	0.0671633	0.0842356	0.667604	0.628135
-13.5592	20.826	4.31053	2.56366	0.0672016	0.0839606	0.665516	0.625929
-13.2983	20.9727	4.42841	2.61586	0.0670491	0.0836645	0.663333	0.624055
-13.0442	21.0814	4.58208	2.44074	0.0668308	0.0833728	0.661045	0.622078
-12.7653	21.2458	4.72222	2.54202	0.0666347	0.0831845	0.658746	0.620905
-12.5278	21.3559	4.7639	2.42571	0.0664411	0.0830301	0.656471	0.619799
-12.2419	21.5025	4.89197	2.49045	0.0664839	0.0832142	0.654244	0.619834
-11.965	21.5785	5.08801	2.14333	0.0668427	0.083281	0.65227	0.618633
-11.7967	21.6741	4.87042	2.09622	0.0666651	0.0834421	0.65007	0.617851
-11.5382	21.7495	4.98329	1.86766	0.0665339	0.0835868	0.647892	0.616608
-11.269	21.7984	5.0141	1.78493	0.0665165	0.0835703	0.645735	0.615594
-11.0261	21.8634	5.04571	1.6061	0.0664573	0.0835607	0.643599	0.614378
-10.8197	21.8775	4.90379	1.46393	0.0662454	0.0833446	0.64157	0.613129
-10.5519	21.915	5.07188	1.12647	0.0660655	0.0830967	0.639471	0.611283
-10.2706	21.9644	5.13845	1.12	0.0659996	0.0828625	0.637409	0.609768
-9.9993	21.9713	5.23586	0.840857	0.0660386	0.0825947	0.635449	0.607916
-9.75308	22.0023	5.19224	0.815499	0.0660186	0.0823296	0.633445	0.606306
-9.48429	22.0019	5.29166	0.512685	0.0660862	0.0820939	0.631578	0.604407
-9.27799	22.0383	5.14822	0.520216	0.0659095	0.0818363	0.62958	0.602741
-9.01279	22.0227	5.23738	0.222733	0.0657606	0.0816277	0.627661	0.600855
-8.71005	22.0558	5.34949	0.273835	0.0658703	0.0813747	0.625952	0.599244
-8.44043	22.0317	5.46705	-0.146458	0.0660901	0.0811593	0.624607	0.597403
-8.13686	22.049	5.55314	-0.0934079	0.0668318	0.0809102	0.623643	0.595622
-7.84039	22.0419	5.64684	-0.230065	0.0681618	0.0806616	0.623197	0.593844
-7.62679	22.034	5.47136	-0.235788	0.068858	0.08042	0.622019	0.592275
-7.35585	21.9778	5.54933	-0.639391	0.0697607	0.08019	0.621251	0.590499
-7.14834	21.9419	5.36743	-0.658576	0.0701079	0.0799687	0.619865	0.588724
-6.86645	21.8902	5.43659	-0.826507	0.0707742	0.0797811	0.618813	0.58696
-6.73575	21.8207	5.06205	-0.901738	0.0705861	0.079692	0.616985	0.585215
-6.51194	21.7761	4.97966	-0.886701	0.0703772	0.0795814	0.615157	0.583614
-6.36571	21.7226	4.71006	-0.91958	0.0706257	0.0794645	0.613611	0.582195
-6.1133	21.6539	4.74936	-0.96588	0.0708218	0.0793829	0.611942	0.580972
-5.86502	21.6228	4.78267	-0.932212	0.0709882	0.0791816	0.610204	0.580313
-5.6311	21.5362	4.84267	-1.35768	0.0712268	0.0790203	0.608438	0.578727
-5.32538	21.4977	5.017	-1.29476	0.0710863	0.0787936	0.606906	0.57753
-5.02789	21.4198	5.16598	-1.44323	0.0708965	0.0785681	0.605946	0.576221
-4.80537	21.3716	5.07856	-1.40305	0.0706954	0.0784037	0.604836	0.575396
-4.57059	21.2841	5.0187	-1.41516	0.070496	0.078258	0.603687	0.574971
-4.25512	21.2975	5.20924	-1.25473	0.0705974	0.0789241	0.603579	0.57613
-3.97295	21.2187	5.28968	-1.43659	0.0711592	0.0798629	0.604246	0.576686
-3.8819	21.0903	4.81887	-1.55158	0.0709614	0.080536	0.602959	0.577104
-3.63847	20.946	4.87437	-2.08033	0.0707812	0.0808809	0.602023	0.575722
-3.39243	20.792	4.8698	-2.17147	0.0706612	0.0809437	0.601283	0.574349
-3.17136	20.6737	4.81359	-2.23632	0.0705463	0.0810243	0.600542	0.573035
-2.90183	20.5576	4.88922	-2.24282	0.0707198	0.0811683	0.600413	0.571938
-2.61576	20.4406	4.99941	-2.24022	0.0716162	0.0814055	0.601275	0.571139
-2.47225	20.2971	4.71076	-2.29993	0.0718074	0.0815686	0.600829	0.57043
-2.23167	20.1494	4.74115	-2.59924	0.0722736	0.0816643	0.600826	0.569088
-2.05917	19.9591	4.55915	-2.70907	0.0724487	0.0815264	0.600235	0.5677
-1.83997	19.7815	4.54161	-2.95501	0.0727513	0.0813204	0.599836	0.566197
-1.63008	19.6178	4.4933	-2.98377	0.0731383	0.0811064	0.599495	0.564711
-1.38625	19.43	4.55079	-3.2538	0.0740217	0.0809265	0.599766	0.563354
-1.23689	19.2777	4.34354	-3.23313	0.0744172	0.0807404	0.599303	0.561911
-1.02115	19.0901	4.34001	-3.37862	0.0750537	0.0806307	0.599112	0.560564
-0.915626	18.9151	4.04129	-3.38504	0.0750413	0.0805699	0.598018	0.559161
-0.69737	18.752	4.08449	-3.3112	0.0752359	0.0804975	0.597274	0.557732
-0.556923	18.6206	3.91765	-3.24611	0.0751898	0.0803155	0.596198	0.556427
-0.369536	18.429	3.89232	-3.4418	0.0751876	0.0801812	0.595238	0.555016
-0.292589	18.2545	3.57697	-3.43841	0.0750159	0.0800475	0.593782	0.553643
-0.129008	18.0598	3.53214	-3.67267	0.0748613	0.0799749	0.592353	0.552295
0.0642261	17.8881	3.57771	-3.65234	0.0746759	0.0798718	0.591096	0.550916
0.266777	17.7111	3.64559	-3.53489	0.0745181	0.0797513	0.590171	0.549631
0.462816	17.5416	3.68297	-3.52304	0.0744624	0.0795909	0.58959	0.548446
0.69471	17.3885	3.81453	-3.47751	0.0748749	0.0793947	0.589903	0.54747
0.758421	17.2015	3.47331	-3.4862	0.074747	0.0792	0.589021	0.546597
0.919152	17.0045	3.42611	-3.68814	0.0746403	0.0790069	0.588185	0.545382
0.992299	16.8321	3.16312	-3.6531	0.0744874	0.0788249	0.586884	0.544311
1.15144	16.6214	3.14413	-3.95993	0.0743182	0.0786345	0.585656	0.542999
1.23152	16.4061	2.93688	-3.98017	0.0743642	0.078452	0.584264	0.541693
1.37608	16.1982	2.92366	-4.06676	0.0743975	0.0782808	0.582913	0.540414
1.63331	15.9763	3.22165	-4.1176	0.0742636	0.078154	0.582398	0.539156
1.74728	15.7729	3.09258	-4.11126	0.0740937	0.0780301	0.581631	0.537885
1.72098	15.5826	2.60733	-4.0494	0.074597	0.0778751	0.580265	0.536625
1.88185	15.3926	2.68649	-4.05799	0.0748488	0.0776992	0.578933	0.535385
2.01636	15.1828	2.68722	-4.07062	0.0750559	0.0775273	0.577659	0.534163
2.1524	14.9557	2.66007	-4.32039	0.0751955	0.0773873	0.576424	0.533005
2.3319	14.7143	2.78591	-4.37641	0.0750831	0.077348	0.575554	0.531896
2.44986	14.4778	2.71912	-4.45771	0.0749805	0.0774327	0.574643	0.530896
2.62924	14.2856	2.83312	-4.41189	0.0748133	0.0774176	0.574258	0.529788
2.78329	14.0451	2.83437	-4.61015	0.07472	0.0775438	0.574067	0.529068
2.88163	13.8222	2.71791	-4.58454	0.0745867	0.0777222	0.573598	0.52823
2.99795	13.5767	2.66101	-4.63355	0.0744643	0.0781184	0.573086	0.527478
3.0061	13.3763	2.32496	-4.53877	0.0744145	0.0783898	0.571885	0.526475
3.0938	13.1803	2.26987	-4.37055	0.0744521	0.0785209	0.570677	0.525296
3.23791	12.9821	2.34896	-4.34215	0.0743434	0.0785462	0.569661	0.524124
3.37507	12.7516	2.4276	-4.28994	0.0741813	0.0786318	0.568942	0.52299
3.3976	12.625	2.15288	-4.0938	0.0742565	0.0784579	0.567755	0.522208
3.52312	12.406	2.1715	-4.23243	0.0742144	0.0782851	0.566644	0.521183
3.65416	12.1874	2.2322	-4.25322	0.0740802	0.0781132	0.565717	0.520152
3.73609	11.9739	2.14339	-4.27212	0.0739802	0.077944	0.564684	0.519119
3.88182	11.7519	2.24671	-4.30213	0.0738199	0.0777759	0.563967	0.518069
3.96644	11.5336	2.11311	-4.46109	0.0736604	0.0776109	0.563006	0.516947
4.08045	11.2668	2.14345	-4.54789	0.0735113	0.0774733	0.562182	0.515864
4.21742	11.0562	2.2322	-4.49465	0.0734758	0.0773181	0.561696	0.514759
4.24749	10.8955	2.00553	-4.33616	0.0733195	0.0772034	0.560702	0.513739
4.32014	10.6783	1.89399	-4.41435	0.0731662	0.077107	0.559588	0.512665
4.41414	10.4642	1.89069	-4.40126	0.0730112	0.077042	0.558504	0.51161
4.52585	10.2328	1.92144	-4.46844	0.0728725	0.0769569	0.5575	0.510533
4.5774	10.0172	1.80417	-4.43217	0.0727222	0.0769022	0.55638	0.509479
4.67293	9.79489	1.7631	-4.54564	0.07257	0.0768582	0.555248	0.508418
4.71477	9.60802	1.63334	-4.44242	0.072464	0.0769921	0.554092	0.507378
4.75589	9.45145	1.53146	-4.24869	0.0725011	0.077639	0.552984	0.506616
4.79118	9.20234	1.43582	-4.30124	0.0728122	0.078077	0.551976	0.505763
4.88836	8.94839	1.48403	-4.44489	0.0730109	0.0783097	0.550903	0.504746
5.00674	8.68356	1.60897	-4.55478	0.0730118	0.0783322	0.549773	0.503714
5.13511	8.44823	1.80663	-4.48241	0.0728801	0.0783174	0.548813	0.502694
5.23169	8.18447	1.83445	-4.5682	0.0727336	0.0781943	0.547917	0.501677
5.35644	7.93355	1.95254	-4.59647	0.0726249	0.0780401	0.547303	0.500678
5.42048	7.7058	1.86895	-4.57177	0.072492	0.0778862	0.546501	0.499674
5.54422	7.45804	1.96052	-4.61932	0.0724697	0.0777319	0.545932	0.4987
5.56298	7.24306	1.76279	-4.53421	0.0723258	0.0775764	0.54496	0.497702
5.66876	7.03057	1.92997	-4.36323	0.0722119	0.0774285	0.544315	0.496823
5.79103	6.79734	1.99676	-4.41369	0.072228	0.0772771	0.543849	0.495892
5.82385	6.59105	1.69052	-4.48351	0.0721091	0.077147	0.542809	0.494919
5.8592	6.37839	1.57117	-4.42399	0.071973	0.0770436	0.541742	0.493987
5.93313	6.11497	1.54552	-4.54813	0.0718437	0.0768934	0.540692	0.493019
5.99109	5.90588	1.49446	-4.49233	0.0717546	0.0767573	0.539688	0.492059
6.03435	5.67244	1.29688	-4.60385	0.071794	0.0766145	0.539028	0.491129
6.07876	5.46805	1.24172	-4.52833	0.0720332	0.076502	0.538552	0.490177
6.15672	5.23349	1.31696	-4.52999	0.0722977	0.0763754	0.537918	0.489231
6.24896	4.97858	1.38529	-4.61745	0.0725017	0.0762283	0.537172	0.488336
6.29963	4.80344	1.30312	-4.48163	0.0729313	0.0761442	0.536668	0.487401
6.44938	4.47387	1.51934	-4.8045	0.0729678	0.0760745	0.535767	0.486839
6.55021	4.22617	1.71518	-4.75691	0.0729457	0.0760817	0.534748	0.486188
6.67632	3.93783	1.8136	-4.91492	0.0728274	0.076438	0.533749	0.485987
6.79406	3.69017	1.98165	-4.88286	0.0726899	0.0769684	0.532896	0.485707
6.82327	3.52928	1.82193	-4.61517	0.0726404	0.0770817	0.531895	0.484875
6.89988	3.31596	1.79343	-4.55679	0.0726381	0.0771469	0.530901	0.484002
7.00409	3.18244	1.80575	-4.31002	0.0725942	0.0770032	0.529918	0.483176
7.10108	3.03509	1.94828	-4.07309	0.07254	0.0769828	0.528947	0.482801
7.20682	2.81862	1.96657	-4.11328	0.0724581	0.0769814	0.527976	0.482294
7.3076	2.61174	1.8375	-4.16106	0.0723673	0.0770376	0.527043	0.48166
7.38964	2.39271	1.81979	-4.18602	0.0723175	0.0771004	0.526165	0.480961
7.46865	2.12397	1.70416	-4.37255	0.0723398	0.0770046	0.525542	0.480081
7.56453	1.85896	1.72764	-4.50813	0.072386	0.0768641	0.524954	0.479267
7.69569	1.63292	2.00378	-4.49614	0.0723347	0.0767263	0.524026	0.478459
7.83619	1.27506	2.07741	-4.89152	0.0722153	0.0771135	0.523086	0.478705
7.95209	1.09003	2.15831	-4.7195	0.0720893	0.0772971	0.522142	0.478404
8.00898	0.859519	2.06557	-4.68628	0.072069	0.0775622	0.521281	0.478062
8.12263	0.634254	2.19343	-4.65856	0.0720431	0.0778879	0.520361	0.477698
8.24951	0.454793	2.23309	-4.50963	0.0719805	0.078012	0.519449	0.477049
8.38321	0.262503	2.25846	-4.41847	0.0718815	0.0780429	0.518553	0.476299
8.49481	0.126119	2.27223	-4.17541	0.0717963	0.0779069	0.517688	0.475466
8.67684	-0.0864541	2.74122	-4.2125	0.0716787	0.0777725	0.517067	0.474626
8.84052	-0.241484	2.80089	-4.0582	0.0716398	0.0776765	0.516471	0.473848
8.99344	-0.362011	2.92605	-3.82903	0.0716971	0.0779244	0.51605	0.473416
9.14359	-0.569925	2.92931	-3.87639	0.0718557	0.0781651	0.515515	0.472826
9.2877	-0.805816	2.91029	-3.99616	0.0720839	0.0782495	0.51484	0.472043
9.37805	-1.11606	2.78372	-4.30335	0.0721023	0.0781145	0.513965	0.471422
9.53194	-1.38505	2.99345	-4.48949	0.0721916	0.0780969	0.513256	0.471351
9.71029	-1.59291	3.05073	-4.44374	0.0724913	0.0781024	0.512554	0.471241
9.84093	-1.75484	2.84591	-4.2364	0.0727179	0.0780076	0.511675	0.470689
9.94472	-1.92848	2.78758	-4.13184	0.072746	0.0778813	0.510868	0.470025
10.1117	-2.14865	3.08239	-4.22596	0.072854	0.0777888	0.510024	0.469619
10.2578	-2.34569	3.07246	-4.1873	0.0729398	0.0777033	0.509158	0.469219
10.3707	-2.50239	2.8323	-3.99665	0.0728834	0.0775743	0.508547	0.468544
10.5136	-2.75469	2.81613	-4.1396	0.0727972	0.077563	0.508097	0.468245
10.6465	-2.94104	2.732	-4.06102	0.0726784	0.0775488	0.508056	0.467863
10.7619	-3.11303	2.70378	-3.97989	0.0725837	0.0774971	0.508334	0.467406
10.9539	-3.3149	3.16677	-4.09398	0.0724638	0.0775041	0.507594	0.467401
11.1243	-3.47933	3.20469	-3.98398	0.072344	0.0774628	0.506887	0.467212
11.3004	-3.66207	3.3595	-3.97714	0.0722239	0.0774369	0.506087	0.467166
11.4891	-3.86327	3.39783	-3.97965	0.0721069	0.0775045	0.50531	0.467318
11.6646	-4.07087	3.40121	-4.00016	0.0719893	0.0777437	0.504601	0.46777
11.8482	-4.25511	3.43297	-3.95569	0.0718733	0.0780697	0.503937	0.46828
12.0461	-4.45668	3.53244	-3.97938	0.0717683	0.0786364	0.503226	0.469171
12.2518	-4.57943	3.61769	-3.77261	0.0716912	0.0789265	0.502492	0.469439
12.4551	-4.75273	3.8207	-3.7874	0.0716425	0.0792971	0.501675	0.470032
12.6703	-4.83369	3.90864	-3.49813	0.0716581	0.0793003	0.50086	0.469833
12.864	-4.99378	3.82537	-3.42527	0.0716635	0.0793283	0.500113	0.469628
13.0685	-5.15501	3.85455	-3.39588	0.0716853	0.0794013	0.499401	0.469548
13.2313	-5.31908	3.79074	-3.38533	0.0716027	0.0795547	0.498879	0.469677
13.3917	-5.50569	3.7283	-3.4377	0.071489	0.0799586	0.498637	0.470309
13.6351	-5.66076	4.13855	-3.50307	0.0713919	0.0804739	0.497853	0.471629
13.8268	-5.79258	4.12514	-3.39521	0.0712795	0.0809675	0.497119	0.4728
14.0607	-5.95475	4.25877	-3.40067	0.0711831	0.0816983	0.49634	0.474435
14.3102	-6.05886	4.35416	-3.22094	0.0711501	0.0822532	0.495555	0.475556
14.5265	-6.21833	4.33835	-3.21141	0.0711079	0.0831017	0.494798	0.477076
14.7759	-6.2679	4.44137	-2.91722	0.0711486	0.0834489	0.494024	0.477607
14.9914	-6.40335	4.47648	-2.91094	0.0711557	0.08394	0.493258	0.47851
15.1712	-6.46188	4.42191	-2.70006	0.0710587	0.0841381	0.492567	0.478911
15.4034	-6.58951	4.42092	-2.6667	0.0709647	0.0844672	0.491937	0.479566
15.64	-6.66963	4.46925	-2.52581	0.0708762	0.0846956	0.491309	0.480042
15.8813	-6.79843	4.66782	-2.59736	0.0707982	0.0851274	0.490557	0.481293
16.1327	-6.93624	4.69991	-2.61248	0.0707489	0.0859146	0.489813	0.48317
16.3156	-7.04187	4.4106	-2.47872	0.0706402	0.0868824	0.489551	0.484866
16.5581	-7.13216	4.46435	-2.38628	0.070532	0.0879478	0.489255	0.486625
16.7687	-7.25595	4.45602	-2.40943	0.0704507	0.0895031	0.489076	0.489158
17.0215	-7.28254	4.54534	-2.16099	0.0703592	0.0906294	0.488762	0.490847
17.2324	-7.36628	4.46302	-2.0782	0.0703378	0.0919493	0.488757	0.492686
17.5243	-7.29016	4.65461	-1.59842	0.0702389	0.0922546	0.488345	0.492865
17.8052	-7.3372	4.95197	-1.57733	0.070136	0.0925436	0.487617	0.49339
18.0795	-7.31372	5.03503	-1.30762	0.0700574	0.0925499	0.486882	0.493385
18.3046	-7.33046	4.84671	-1.1292	0.0699537	0.0924987	0.486284	0.493213
18.5548	-7.34525	4.8739	-1.02002	0.0698496	0.0924119	0.48568	0.493072
18.8357	-7.39108	4.99063	-1.01228	0.0697676	0.0923688	0.484986	0.493279
19.0673	-7.40009	4.96822	-0.910504	0.0696655	0.0923015	0.484321	0.493559
19.2881	-7.46611	4.83246	-0.943253	0.0695759	0.0923907	0.483847	0.49446
19.641	-7.37009	5.08379	-0.54349	0.069582	0.0922577	0.483136	0.49437
19.9079	-7.39246	5.14161	-0.538873	0.0696232	0.0921434	0.482423	0.494663
20.2072	-7.34646	5.24083	-0.339175	0.0698523	0.092008	0.481752	0.494718
20.4703	-7.38012	5.34129	-0.41842	0.070116	0.0919012	0.481186	0.495533
20.68	-7.40803	5.23102	-0.452304	0.0701668	0.0918908	0.480519	0.497112
20.9096	-7.40841	4.95371	-0.326386	0.0701386	0.0919612	0.479894	0.498697
21.1874	-7.29257	5.04336	0.0226548	0.0701768	0.0918408	0.479205	0.499277
21.4458	-7.28281	5.06378	0.0449482	0.0702285	0.091759	0.478511	0.500308
21.6584	-7.37494	4.96495	-0.209833	0.0701689	0.0922156	0.477849	0.503484
21.8727	-7.35781	4.57129	-0.0362753	0.0700687	0.0928883	0.477823	0.506346
22.2089	-7.13652	4.82679	0.568825	0.0701413	0.0928174	0.477241	0.506805
22.3962	-7.11391	4.44523	0.623382	0.0700583	0.0928547	0.477426	0.507557
22.5974	-6.98614	4.42669	0.868051	0.0699646	0.0927573	0.47756	0.507877
22.8454	-6.97043	4.66468	0.745343	0.0698702	0.0928084	0.477061	0.509236
23.069	-6.96894	4.63931	0.650029	0.0697987	0.0932359	0.476541	0.511804
23.2557	-6.94048	4.40799	0.669556	0.0698737	0.0940723	0.476381	0.515034
23.5065	-6.81	4.48403	0.929019	0.0699104	0.0946578	0.475959	0.517416
23.7556	-6.7762	4.61222	0.878871	0.069911	0.0957533	0.475325	0.520884
23.9871	-6.62124	4.6351	1.16772	0.0699209	0.0964779	0.474659	0.523298
24.1922	-6.55015	4.38742	1.2468	0.0700232	0.0975318	0.474136	0.525958
24.4694	-6.33572	4.52198	1.6566	0.0699783	0.0979348	0.473474	0.527101
24.7144	-6.24857	4.66659	1.64641	0.069901	0.0985817	0.472922	0.52887
24.9603	-6.09069	4.70196	1.84657	0.0698052	0.0990715	0.472525	0.530235
25.1585	-5.98625	4.39894	1.92379	0.069724	0.0997827	0.471884	0.531789
25.4143	-5.79252	4.47925	2.18669	0.0696311	0.100192	0.471383	0.532678
25.5839	-5.68563	4.14497	2.21714	0.0695505	0.100868	0.470735	0.533927
25.7709	-5.37482	4.13412	2.73745	0.069499	0.100841	0.470095	0.533758
25.9567	-5.23699	3.98513	2.75645	0.0694833	0.100885	0.469451	0.533834
26.1556	-5.12138	3.98198	2.69798	0.0694645	0.101132	0.468826	0.53446
26.3412	-4.95158	3.79229	2.81831	0.0694645	0.101396	0.468188	0.535031
26.5639	-4.65277	3.86868	3.23972	0.0693941	0.101296	0.46762	0.534702
26.7674	-4.48752	3.9283	3.24405	0.0693042	0.101228	0.467273	0.534593
26.9277	-4.35379	3.86027	3.163	0.0692311	0.10131	0.466996	0.535011
27.125	-4.18413	3.93764	3.18496	0.069139	0.101481	0.467188	0.535689
27.3685	-3.94499	4.02808	3.40311	0.0691358	0.101511	0.468105	0.535932
27.5146	-3.77673	3.45506	3.44683	0.0690958	0.10166	0.467689	0.536319
27.7094	-3.55783	3.49768	3.57301	0.0691622	0.101767	0.467589	0.536575
27.8534	-3.36573	3.16787	3.63393	0.0692062	0.101949	0.467098	0.536898
27.9916	-3.08094	3.13557	3.90369	0.0692298	0.101913	0.466736	0.536699
28.1221	-2.87878	2.94647	3.93137	0.0692301	0.10192	0.466273	0.536616
28.2359	-2.60214	2.88799	4.13919	0.0691875	0.10182	0.465909	0.536242
28.333	-2.3994	2.49469	4.14354	0.0691049	0.101761	0.465297	0.535998
28.4806	-2.18783	2.53597	4.15761	0.0690595	0.101744	0.464796	0.53587
28.6093	-1.98328	2.52655	4.14954	0.0690466	0.10181	0.46447	0.53592
28.7515	-1.73934	2.55513	4.24766	0.0691416	0.101853	0.464502	0.535864
28.8448	-1.52954	2.42368	4.24028	0.0692096	0.101995	0.464533	0.535972
28.9704	-1.20467	2.42961	4.53972	0.0694042	0.101915	0.464988	0.535534
29.0396	-0.969988	2.16585	4.5596	0.0695197	0.101852	0.465041	0.535141
29.1275	-0.699358	2.12752	4.67123	0.0696636	0.101752	0.465381	0.534643
29.166	-0.463962	1.61955	4.67226	0.0696828	0.101671	0.464901	0.534202
29.221	-0.284606	1.5756	4.527	0.0696702	0.10177	0.464554	0.534121
29.2799	-0.0460455	1.25738	4.55541	0.0696544	0.101917	0.463997	0.534047
29.3332	0.271996	1.23429	4.79426	0.0696383	0.101875	0.463554	0.533568
29.3698	0.518328	1.0766	4.80757	0.0696013	0.101852	0.463089	0.533104
29.4445	0.695926	1.11934	4.64185	0.0696552	0.102089	0.462929	0.532992
29.4574	0.942491	0.753546	4.66684	0.0696519	0.102369	0.462417	0.532859
29.5072	1.27668	0.766268	4.93419	0.0697188	0.102375	0.462109	0.532299
29.5361	1.52467	0.560089	4.92486	0.0698204	0.102409	0.461694	0.53176
29.5407	1.80979	0.513573	5.02769	0.0698949	0.102375	0.461429	0.531135
29.5264	2.04105	0.123338	4.94665	0.0699086	0.10241	0.460868	0.530581
29.5102	2.42748	0.0651301	5.31472	0.0698868	0.102283	0.460363	0.529968
29.4842	2.67854	-0.187196	5.25433	0.0698324	0.102155	0.459792	0.529326
29.5123	3.03915	-0.133898	5.51171	0.0698785	0.102172	0.459368	0.528981
29.467	3.31459	-0.309385	5.49947	0.0698618	0.102242	0.458898	0.528641
29.477	3.49942	-0.247749	5.26064	0.0699577	0.102152	0.458735	0.528035
29.4196	3.75584	-0.531134	5.21647	0.0699817	0.102065	0.458317	0.527416
29.3757	3.89857	-0.541458	4.9065	0.069999	0.101974	0.458091	0.526823
29.3504	4.14227	-0.636852	4.8865	0.0700871	0.101897	0.457933	0.526227
29.2766	4.36057	-0.70849	4.82075	0.0701137	0.101884	0.4579	0.525661
29.1965	4.59332	-1.00097	4.76555	0.0700924	0.101914	0.457543	0.525115
29.1104	4.91526	-1.0832	4.98807	0.0700371	0.101807	0.457255	0.524478
29.0352	5.16176	-1.17555	4.9718	0.069979	0.1017	0.45702	0.52385
29.0177	5.38617	-1.09469	4.90473	0.0700731	0.101617	0.457268	0.523217
28.9013	5.64652	-1.50913	4.88925	0.0700737	0.101511	0.456881	0.522596
28.8136	5.91932	-1.53819	4.96468	0.0700827	0.101389	0.456634	0.52206
28.677	6.16841	-1.92531	4.91049	0.0700177	0.101266	0.456093	0.521524
28.579	6.3914	-1.92296	4.85187	0.0699584	0.101144	0.455629	0.520985
28.4992	6.64435	-2.05225	4.83793	0.0699502	0.101026	0.455148	0.52049
28.42	6.81087	-1.98937	4.63865	0.0700405	0.100928	0.454892	0.519887
28.2933	7.0226	-2.13365	4.56319	0.070104	0.100848	0.454572	0.51928
28.1542	7.39178	-2.2317	4.93411	0.0701232	0.100819	0.454261	0.519275
28.0046	7.63434	-2.52981	4.86323	0.0700951	0.100845	0.453745	0.519254
27.8902	7.83324	-2.49465	4.74682	0.0701115	0.100829	0.453346	0.519122
27.7223	8.05671	-2.7772	4.65488	0.0700666	0.100839	0.452813	0.51894
27.5664	8.26692	-2.80224	4.59967	0.0700045	0.10085	0.45231	0.518788
27.3819	8.45244	-3.22349	4.37693	0.0699217	0.100816	0.451898	0.518378
27.2503	8.58944	-3.14204	4.16108	0.0698459	0.100702	0.451371	0.517821
27.0698	8.8001	-3.37221	4.10958	0.0697639	0.100595	0.450937	0.517282
26.8176	9.14035	-3.57313	4.47136	0.0698335	0.100845	0.45066	0.517529
26.6169	9.3445	-3.62282	4.4204	0.0700368	0.101148	0.450336	0.517845
26.4519	9.43457	-3.54763	4.08282	0.0702205	0.101131	0.449852	0.517561
26.2829	9.64682	-3.52426	4.10581	0.0703869	0.101185	0.44933	0.517472
26.1111	9.86405	-3.5199	4.13526	0.0705326	0.101361	0.448813	0.517642
25.9192	10.0802	-3.54812	4.16559	0.0707244	0.101703	0.448313	0.518124
25.7991	10.1385	-3.38433	3.77244	0.0707128	0.101672	0.44806	0.517849
25.589	10.3067	-3.78432	3.59218	0.0707593	0.101641	0.447543	0.517428
25.4399	10.345	-3.65563	3.22524	0.0707147	0.10154	0.447107	0.516831
25.2282	10.5231	-3.81304	3.235	0.0707041	0.101428	0.44661	0.516253
25.0101	10.6937	-3.86925	3.26367	0.0707483	0.101311	0.446114	0.515745
24.797	10.8525	-3.91814	3.25213	0.0708356	0.101196	0.445623	0.515309
24.6131	10.9685	-3.87727	3.13199	0.070869	0.101089	0.445198	0.514832
24.4012	11.1402	-4.10835	3.08587	0.0709237	0.100974	0.444691	0.514395
24.2157	11.2938	-4.06928	3.07903	0.0709228	0.100861	0.444205	0.514055
23.996	11.4111	-4.30898	2.88082	0.0709475	0.100747	0.44373	0.513574
23.8129	11.4342	-4.19741	2.57065	0.0709117	0.100774	0.443234	0.512994
23.6045	11.5593	-4.21043	2.55266	0.0708678	0.100807	0.442749	0.512419
23.3763	11.7166	-4.25735	2.63157	0.0708458	0.100765	0.442263	0.511934
23.1428	11.8453	-4.40169	2.57521	0.0708585	0.100708	0.441769	0.511472
22.8988	11.999	-4.45929	2.64362	0.0709403	0.100607	0.441282	0.511204
22.6737	12.1345	-4.52121	2.62172	0.071035	0.100496	0.440807	0.511034
22.4637	12.2226	-4.47116	2.51123	0.07109	0.100393	0.440315	0.510804
22.2509	12.3447	-4.38427	2.53556	0.0711137	0.100282	0.439856	0.510769
21.9874	12.4651	-4.47049	2.53331	0.071255	0.100172	0.439375	0.510902
21.7488	12.5762	-4.70029	2.37647	0.0714403	0.100067	0.438943	0.510845
21.533	12.6346	-4.63504	2.22321	0.0715765	0.0999574	0.438467	0.510634
21.3075	12.731	-4.61929	2.18246	0.0716979	0.0998471	0.437983	0.51048
21.0868	12.9237	-4.6353	2.38207	0.0717852	0.0998565	0.437501	0.510993
20.8246	13.0303	-4.92373	2.21209	0.0719838	0.0999285	0.437223	0.51122
20.6637	13.043	-4.70453	1.94867	0.0719653	0.099862	0.436748	0.511021
20.411	13.0877	-5.01228	1.6297	0.0719894	0.0997639	0.436554	0.510516
20.1727	13.181	-4.9922	1.65405	0.0720234	0.0996861	0.436304	0.510092
19.9104	13.2779	-4.9379	1.75309	0.0721397	0.0996505	0.435963	0.509901
19.7512	13.243	-4.69973	1.43077	0.0720819	0.0995459	0.435489	0.509398
19.4986	13.3375	-4.78127	1.46889	0.0720463	0.0994399	0.435023	0.508984
19.1927	13.4452	-4.93617	1.57314	0.0721926	0.0993742	0.434646	0.508809
18.9401	13.4897	-5.01985	1.42827	0.0723962	0.0992946	0.434354	0.508497
18.7395	13.4772	-4.87468	1.21237	0.0724672	0.0991901	0.433918	0.508015
18.4668	13.5299	-5.0199	1.13811	0.0726566	0.0990852	0.433607	0.507522
18.2648	13.6132	-4.92912	1.18345	0.0727192	0.0989845	0.433199	0.50712
18.0054	13.7012	-4.90931	1.30493	0.0728458	0.0989255	0.432774	0.506977
17.8085	13.739	-4.79318	1.22371	0.0728514	0.0988607	0.432312	0.506782
17.5591	13.7807	-5.00625	1.01798	0.0728799	0.0987987	0.431963	0.506374
17.3193	13.8008	-4.9689	0.942499	0.072908	0.0987168	0.431576	0.505941
17.0666	13.8541	-5.05282	0.899135	0.0729699	0.0986576	0.431274	0.505513
16.8417	13.8999	-4.99344	0.891118	0.0729914	0.0986193	0.430905	0.505126
16.6072	13.907	-4.96434	0.778056	0.0729994	0.0985479	0.43051	0.504673
16.4484	13.863	-4.72992	0.555064	0.0729227	0.0984468	0.430071	0.504141
16.2198	13.8934	-4.66667	0.599743	0.07285	0.0983446	0.429668	0.503633
16.0334	13.885	-4.54578	0.494368	0.0728465	0.0982622	0.429389	0.503106
15.8143	13.8859	-4.53715	0.416809	0.0728936	0.0982045	0.429122	0.502579
15.549	13.9412	-4.63813	0.509744	0.0728836	0.0981112	0.428747	0.502086
15.3164	13.9584	-4.74892	0.384416	0.0728903	0.0980191	0.428309	0.501565
15.1024	13.9954	-4.7062	0.416224	0.0729652	0.0979181	0.42789	0.501063
14.8972	13.9824	-4.73445	0.218115	0.0731608	0.0978322	0.427459	0.500551
14.5971	14.0156	-4.88605	0.291889	0.0731727	0.0977344	0.427029	0.500035
14.3374	14.0168	-4.9464	0.234355	0.0731473	0.0976424	0.426632	0.499517
14.0053	14.0679	-5.15551	0.353745	0.0730861	0.0975428	0.42648	0.49905
13.7135	14.0844	-5.17644	0.423454	0.0731084	0.0974456	0.426367	0.498664
13.4833	14.0837	-5.10081	0.3645	0.0731082	0.0973462	0.426135	0.498245
13.2272	14.092	-5.07542	0.367996	0.0731434	0.0972474	0.42587	0.497851
13.0356	14.0485	-4.90242	0.209223	0.0730907	0.0971637	0.425456	0.497361
12.7993	14.04	-4.85073	0.188213	0.0730338	0.0970934	0.425025	0.496871
12.5958	14.0121	-4.74247	0.0926139	0.0729593	0.0970693	0.424601	0.496365
12.3741	14.0231	-4.67298	0.144016	0.0728903	0.0970324	0.424209	0.495874
12.1692	14.072	-4.62786	0.224464	0.072858	0.0969436	0.423851	0.495435
11.9233	14.1019	-4.67368	0.267909	0.0728176	0.0968453	0.423461	0.495043
11.6575	14.0816	-4.73116	0.206442	0.0727514	0.0967535	0.423044	0.494609
11.4246	14.1247	-4.71236	0.31103	0.0726909	0.0966589	0.422635	0.494287
11.1315	14.1753	-4.86447	0.406382	0.0726246	0.096609	0.422219	0.494109
10.8881	14.1617	-4.98471	0.147729	0.0725608	0.0965417	0.421875	0.493653
10.5981	14.1613	-5.07743	0.145121	0.0725678	0.0964738	0.421634	0.493199
