0.312243	0.58034	1	1	0.287757	0.0196602	4.19994	1
0.812616	0.692064	7.1225	1.33983	0.206215	0.0665356	3.26623	1.18117
1.19545	0.527402	9.51619	-0.0500679	0.17392	0.0686951	3.65016	0.964953
1.08199	0.561542	4.61491	2.33743	0.211853	0.0626195	3.17459	1.43237
1.4013	0.687338	4.93194	1.97889	0.217467	0.06794	2.84194	1.55254
1.74827	0.643322	5.32308	1.01935	0.207937	0.0642237	2.59483	1.47404
2.05502	0.690829	5.42703	0.898712	0.196536	0.0678997	2.40392	1.40296
2.29551	0.695441	5.24488	0.72282	0.189	0.0709062	2.24873	1.33372
2.57897	0.721635	5.29042	0.648682	0.181304	0.0766474	2.12036	1.27243
2.86044	0.708274	5.29924	0.435313	0.173786	0.0787346	2.01183	1.21233
3.10485	0.716569	5.26608	0.403169	0.168097	0.080821	1.91834	1.15956
3.40045	0.64531	5.30962	0.0297679	0.161804	0.0776553	1.837	1.11048
3.71293	0.57998	5.40425	-0.243591	0.155462	0.075844	1.76595	1.0722
3.99465	0.596332	5.46327	-0.140556	0.14988	0.0738767	1.70334	1.03637
4.27522	0.58638	5.47624	-0.153653	0.145146	0.072983	1.64732	1.0051
4.53231	0.604402	5.33071	-0.07543	0.140839	0.0718108	1.59546	0.975874
4.71896	0.677879	5.18637	0.20491	0.136903	0.0697174	1.54783	0.946781
4.971	0.674071	5.03923	0.142407	0.133417	0.0677666	1.50455	0.920618
5.27278	0.668713	5.12843	0.091144	0.129859	0.0662185	1.46445	0.897398
5.53432	0.673927	5.26749	0.106915	0.126574	0.0650521	1.42755	0.876199
5.83433	0.684288	5.33211	0.115745	0.123932	0.0641993	1.39366	0.856923
6.0741	0.626742	5.12797	-0.0939577	0.121229	0.0678134	1.36163	0.844082
6.3279	0.716893	5.11309	0.197101	0.11867	0.0672104	1.33172	0.827187
6.57819	0.745567	5.06319	0.25129	0.116224	0.0664898	1.30378	0.811215
6.82395	0.745461	5.05123	0.214377	0.113882	0.0667417	1.27755	0.797328
7.06524	0.731068	4.87723	0.12458	0.111686	0.0691915	1.25369	0.78678
7.27769	0.809163	4.81298	0.341467	0.110075	0.0690833	1.23166	0.773906
7.57802	0.823003	5.15841	0.349093	0.108104	0.0696904	1.2095	0.762295
7.83295	0.801687	5.15729	0.236493	0.106237	0.0732602	1.18851	0.754234
8.08078	0.818617	4.97725	0.236904	0.104493	0.0777367	1.16872	0.747726
8.31617	0.835122	4.95239	0.252063	0.102984	0.0832381	1.14993	0.742431
8.59021	0.925229	5.23481	0.497068	0.101395	0.0853264	1.13222	0.733631
8.83302	0.985372	5.19724	0.600143	0.0999396	0.0865545	1.11522	0.724559
9.12543	1.02376	5.24453	0.618866	0.098494	0.0880662	1.09926	0.716422
9.36625	1.05527	5.20562	0.623164	0.0970798	0.0902834	1.08389	0.709467
9.64759	1.12917	5.2557	0.744112	0.0958999	0.0914667	1.06953	0.701898
9.92719	1.26193	5.27517	1.01024	0.0951902	0.0905848	1.05603	0.692718
10.1725	1.34401	5.01763	1.0725	0.0944474	0.0894852	1.04207	0.683898
10.3934	1.4236	4.95948	1.14887	0.0933843	0.088341	1.02862	0.675352
10.6234	1.49391	4.72563	1.15864	0.0922465	0.0872313	1.0162	0.667426
10.8412	1.51946	4.69672	1.07182	0.0911333	0.0864603	1.00427	0.66119
11.1126	1.56188	4.88898	1.05345	0.0900703	0.0862075	0.992244	0.656308
11.395	1.60806	4.95926	1.03016	0.089388	0.0866552	0.980756	0.653065
11.6264	1.64914	4.8631	0.993623	0.0885972	0.0882549	0.969558	0.651946
11.8532	1.71879	4.83021	1.05058	0.0877069	0.0901868	0.958732	0.651108
12.1138	1.80253	4.99067	1.15396	0.0870498	0.0920407	0.948782	0.649621
12.359	1.83315	4.98666	1.08064	0.0865066	0.0961485	0.939295	0.651245
12.6186	1.88187	5.09359	1.07794	0.0863602	0.102007	0.931085	0.654573
12.819	2.03379	4.98015	1.35174	0.0857128	0.104867	0.922543	0.653376
13.09	2.14094	5.129	1.47651	0.0856498	0.107249	0.915858	0.651311
13.2968	2.29544	5.02541	1.70192	0.0851945	0.107953	0.908743	0.647177
13.4718	2.42145	4.61146	1.77696	0.0843728	0.108176	0.899985	0.643158
13.7205	2.54838	4.63797	1.87679	0.0836435	0.108065	0.891591	0.63898
13.9416	2.6467	4.58109	1.88366	0.082914	0.108249	0.883401	0.635706
14.1694	2.81494	4.56425	2.08253	0.0822291	0.107639	0.875502	0.631228
14.423	2.9216	4.73882	2.11214	0.0818644	0.107227	0.868903	0.627301
14.6315	2.9906	4.69392	2.01932	0.0813966	0.10783	0.862515	0.625532
14.8655	3.13918	4.73835	2.16042	0.0811648	0.108006	0.85707	0.622939
15.0776	3.34856	4.67116	2.43494	0.0809238	0.107218	0.851649	0.618509
15.2903	3.49531	4.46154	2.46697	0.080718	0.106393	0.84529	0.614518
15.5049	3.69766	4.42784	2.67819	0.080616	0.105596	0.839224	0.609803
15.7189	3.80917	4.36547	2.60564	0.0806605	0.104741	0.833293	0.606125
15.9409	3.96053	4.36737	2.66057	0.0810729	0.103908	0.827908	0.60271
16.1413	4.09002	4.15295	2.6068	0.0815009	0.103119	0.821835	0.600694
16.3335	4.30596	4.10264	2.83539	0.081847	0.102457	0.815968	0.59723
16.549	4.44971	4.12794	2.84017	0.0826666	0.101733	0.81071	0.594445
16.7239	4.63128	4.05857	2.95055	0.0831584	0.10113	0.805578	0.5914
16.8852	4.77534	3.68424	2.86305	0.0832141	0.100427	0.799635	0.590084
17.0383	5.03284	3.59491	3.16885	0.0829069	0.100606	0.79382	0.586629
17.2166	5.16762	3.55428	3.09241	0.0826113	0.10027	0.788141	0.584458
17.3681	5.37136	3.49073	3.22618	0.0821398	0.100272	0.782595	0.581763
17.5342	5.49819	3.40001	3.10924	0.0816559	0.0997269	0.777156	0.581078
17.721	5.63739	3.43654	3.06318	0.081332	0.0990419	0.772042	0.581993
17.8763	5.79303	3.2741	3.02999	0.0809624	0.0984289	0.766868	0.584492
18.0402	6.02235	3.25112	3.23162	0.0806535	0.0977769	0.761927	0.58482
18.1993	6.2038	3.22177	3.27875	0.0804072	0.0971319	0.757267	0.585379
18.3123	6.48712	3.09375	3.59856	0.0799283	0.0969705	0.752582	0.583084
18.4527	6.67218	2.97101	3.58049	0.0794465	0.0966617	0.74791	0.581555
18.597	6.82205	2.97231	3.5067	0.0789922	0.0960642	0.743639	0.58156
18.7541	7.0081	3.0187	3.54534	0.0786776	0.0954631	0.740199	0.581812
18.9508	7.16595	3.11286	3.48382	0.0792252	0.0950705	0.738375	0.583705
19.0517	7.32431	2.78808	3.36875	0.0793836	0.095246	0.734878	0.588376
19.1267	7.64476	2.61353	3.77401	0.0790717	0.0946708	0.73108	0.58777
19.256	7.82717	2.59334	3.7498	0.0788908	0.0941912	0.727799	0.588044
19.3266	8.07721	2.45746	3.92478	0.0784681	0.0936379	0.724416	0.586924
19.4313	8.26782	2.42319	3.91533	0.0780574	0.093178	0.721542	0.58639
19.5252	8.42481	2.38419	3.82498	0.0776401	0.0933106	0.719229	0.587461
19.6283	8.59919	2.2416	3.73347	0.0772715	0.0942529	0.716736	0.5904
19.784	8.80018	2.32141	3.75705	0.0775715	0.0957044	0.71595	0.593496
19.8703	8.98881	2.10995	3.69708	0.0779404	0.0980598	0.714288	0.598066
19.9867	9.25945	2.09964	3.90958	0.0790255	0.0994328	0.71364	0.599797
20.0468	9.44354	1.81269	3.7961	0.079893	0.101866	0.711539	0.603601
20.116	9.72942	1.73406	4.04299	0.0808378	0.103085	0.709786	0.604298
20.1788	9.97366	1.68203	4.16329	0.0818527	0.104116	0.708639	0.603949
20.2153	10.2923	1.54494	4.45276	0.0825663	0.104014	0.707378	0.601571
20.2423	10.4975	1.23881	4.31152	0.0829716	0.104282	0.704826	0.600308
20.2892	10.8105	1.16947	4.55694	0.0834799	0.103885	0.702653	0.597688
20.3167	11.0629	1.0362	4.59459	0.0838952	0.103438	0.700459	0.595019
20.3517	11.3171	0.992013	4.66018	0.0844186	0.102952	0.698864	0.592219
20.3157	11.524	0.482818	4.42145	0.0842791	0.102624	0.695494	0.590636
20.3799	11.784	0.547429	4.50323	0.0846941	0.102206	0.692807	0.588605
20.402	12.0137	0.624311	4.571	0.085306	0.101852	0.691403	0.58628
20.3823	12.3395	0.478591	4.82405	0.0856077	0.101396	0.689889	0.583428
20.3498	12.5387	0.0702285	4.54224	0.0855974	0.100916	0.68694	0.581275
20.3727	12.7924	0.0983807	4.59976	0.0859734	0.100434	0.684707	0.578886
20.3738	12.9917	-0.0236086	4.44145	0.0866031	0.100043	0.682542	0.577225
20.3361	13.2185	-0.101235	4.46544	0.0870251	0.0997178	0.6807	0.575373
20.3049	13.4311	-0.222161	4.40031	0.0874279	0.0995661	0.67893	0.573812
20.2744	13.7255	-0.295944	4.58466	0.0879058	0.0991382	0.677536	0.57139
20.2336	13.9202	-0.522724	4.37683	0.0884046	0.0988965	0.675555	0.569748
20.1644	14.2126	-0.64647	4.56644	0.0886484	0.0984552	0.673622	0.567307
20.0995	14.4195	-0.825028	4.43828	0.0887906	0.0980797	0.671452	0.565169
19.9753	14.7151	-1.03407	4.64124	0.0884823	0.0976741	0.668967	0.562664
19.9121	14.9131	-1.11073	4.51119	0.0882014	0.0972471	0.666705	0.560239
19.8898	15.1404	-1.04088	4.50354	0.0883013	0.0968264	0.665534	0.557813
19.7869	15.3071	-1.56158	4.03273	0.0882102	0.0966137	0.662749	0.557111
19.7554	15.4988	-1.45735	3.99284	0.0886827	0.0966441	0.660674	0.55636
19.6769	15.6753	-1.51809	3.89139	0.0893386	0.097155	0.658917	0.555987
19.5519	15.9276	-1.6509	4.04278	0.0896536	0.0972841	0.657117	0.554348
19.4541	16.1189	-1.70255	4.0032	0.0900456	0.0976703	0.6557	0.552648
19.3403	16.3204	-1.76513	4.0167	0.0903956	0.0981851	0.654633	0.550692
19.2342	16.4925	-1.94929	3.81589	0.0908635	0.0992079	0.653169	0.549329
19.0825	16.7456	-2.0972	3.97799	0.0910043	0.0995903	0.651543	0.547194
18.9411	16.9146	-2.49392	3.61829	0.0910241	0.100391	0.649003	0.546204
18.7273	17.2041	-2.742	3.89703	0.0906669	0.10026	0.646403	0.544037
18.607	17.4091	-2.5967	4.02298	0.0903508	0.100074	0.644177	0.542034
18.3807	17.6389	-2.82449	4.12262	0.0901047	0.0997276	0.641716	0.540675
18.2306	17.8257	-2.88367	4.03279	0.0898643	0.0993883	0.639357	0.539297
18.1187	18.0178	-2.80667	3.99981	0.0895181	0.0990319	0.637563	0.538193
17.9495	18.1546	-3.09414	3.60283	0.0891865	0.0988412	0.635239	0.536146
17.8395	18.2895	-2.9714	3.48679	0.0889037	0.0989304	0.633622	0.534104
17.713	18.4525	-3.0034	3.35798	0.088837	0.0990814	0.632321	0.532077
17.5009	18.6647	-3.16491	3.47785	0.0885755	0.0988979	0.630708	0.530394
17.3278	18.7884	-3.34199	3.18342	0.0883366	0.0989667	0.628785	0.528413
17.1726	18.9293	-3.30586	3.13907	0.0882411	0.0991643	0.627364	0.526487
17.0033	19.0909	-3.40074	3.05453	0.0882695	0.0992655	0.625909	0.5246
16.7784	19.224	-3.51651	3.03143	0.0880876	0.0994756	0.624322	0.522877
16.5839	19.3716	-3.69683	2.86265	0.0879103	0.0996203	0.622401	0.521053
16.3367	19.561	-3.86279	2.98451	0.087598	0.099408	0.620293	0.519939
16.1181	19.6309	-4.04662	2.61524	0.0872859	0.0996021	0.618083	0.518114
15.9056	19.7884	-4.08321	2.67592	0.0869817	0.0995408	0.615918	0.516678
15.7096	19.9051	-4.05179	2.64074	0.086675	0.0994945	0.613912	0.515552
15.4669	20.0824	-4.16766	2.75065	0.0864048	0.0991748	0.611839	0.515746
15.2356	20.2271	-4.32841	2.63299	0.0861834	0.0988324	0.609713	0.515915
15.068	20.3574	-4.21264	2.61351	0.0858875	0.0985392	0.607808	0.516837
14.8319	20.434	-4.39411	2.29849	0.0855955	0.0982122	0.605743	0.516337
14.6229	20.5572	-4.37261	2.31217	0.0853057	0.0979676	0.603777	0.516717
14.3759	20.6431	-4.57577	2.03817	0.0850247	0.0977321	0.601737	0.516093
14.1331	20.7195	-4.59716	1.98985	0.0847698	0.0974929	0.599714	0.515895
13.8879	20.7883	-4.74527	1.73603	0.0845579	0.0972447	0.597778	0.514976
13.6069	20.8603	-4.84366	1.71965	0.0846008	0.0970194	0.595957	0.514611
13.3544	20.8876	-5.01125	1.32447	0.0847824	0.096714	0.594502	0.51313
13.1184	20.9251	-4.96301	1.26137	0.0849605	0.096398	0.592833	0.511824
12.8761	20.981	-5.01031	1.13469	0.0851761	0.0960894	0.59123	0.510517
12.7073	21.0164	-4.80194	1.06655	0.0849723	0.0957799	0.58932	0.509404
12.4374	21.0573	-4.96717	0.880675	0.0849021	0.0954764	0.587557	0.508095
12.194	21.1015	-4.95498	0.879411	0.0848454	0.0951934	0.585765	0.507237
11.9471	21.1172	-5.04676	0.625967	0.0848186	0.094902	0.584123	0.505925
11.7188	21.0886	-4.96158	0.498837	0.0847142	0.0946299	0.582339	0.504612
11.4596	21.0721	-5.05457	0.259209	0.0846986	0.0944382	0.5807	0.503087
11.2631	21.0662	-4.90757	0.205639	0.0844804	0.0942938	0.578899	0.501684
10.9915	21.0264	-5.03598	-0.0541046	0.084364	0.094373	0.57724	0.500136
10.8022	20.9889	-4.86637	-0.140381	0.0841074	0.094693	0.575468	0.498619
10.5283	20.9891	-4.94686	-0.117187	0.083904	0.0948988	0.573735	0.497339
10.227	21.0385	-5.10401	0.00646893	0.0839822	0.0947106	0.572276	0.497017
9.96656	21.0198	-5.19367	-0.21526	0.0841866	0.094504	0.571116	0.496209
9.81359	20.9768	-4.91308	-0.30563	0.0839531	0.0943439	0.569421	0.495521
9.56348	20.9643	-4.93094	-0.311255	0.0837364	0.0941095	0.567765	0.495395
9.40387	20.9147	-4.69864	-0.399116	0.0835815	0.0938972	0.566169	0.495428
9.17363	20.8682	-4.76717	-0.668049	0.0834702	0.0936834	0.56451	0.494679
8.85169	20.8521	-4.98505	-0.614189	0.0832402	0.0934107	0.563057	0.494781
8.62684	20.7696	-4.97491	-0.904722	0.0829993	0.0931683	0.561644	0.493992
8.34068	20.6905	-5.05749	-0.961292	0.0828642	0.0929622	0.560535	0.493434
8.0878	20.6121	-5.10848	-1.18624	0.0828033	0.0927837	0.559722	0.492437
7.86032	20.529	-5.02855	-1.23777	0.0827086	0.0926341	0.558726	0.491641
7.62327	20.4447	-5.06275	-1.509	0.0826316	0.0925002	0.557991	0.490388
7.29758	20.3877	-5.25533	-1.45902	0.0832906	0.092278	0.55846	0.489565
7.03378	20.2945	-5.27732	-1.57774	0.0843405	0.0920626	0.559305	0.488693
6.78913	20.2069	-5.22485	-1.59776	0.0855852	0.0918314	0.560034	0.488139
6.53733	20.1168	-5.22287	-1.70483	0.0871646	0.0915863	0.561009	0.487557
6.32012	20.0208	-5.10558	-1.73254	0.0885954	0.0913351	0.56146	0.487298
6.08224	19.9275	-5.09767	-1.88837	0.0902153	0.0910864	0.562125	0.486764
5.84039	19.8305	-5.06298	-1.89519	0.0921214	0.0908604	0.56284	0.486646
5.57331	19.6879	-5.14956	-2.22596	0.0947969	0.090614	0.564492	0.485608
5.45943	19.5545	-4.76822	-2.28764	0.0958562	0.0903691	0.564056	0.484654
5.24124	19.4044	-4.73643	-2.48589	0.0969522	0.090143	0.563697	0.483465
5.05935	19.2989	-4.5982	-2.45852	0.0976987	0.0899021	0.562961	0.482538
4.86416	19.1842	-4.51019	-2.4563	0.0982997	0.0896847	0.562093	0.481908
4.74023	19.0346	-4.23638	-2.51897	0.098288	0.0894585	0.560699	0.48136
4.5075	18.8822	-4.33213	-2.77465	0.0984508	0.089228	0.559616	0.480288
4.35511	18.7503	-4.16537	-2.7699	0.0983512	0.0890233	0.558293	0.479434
4.16562	18.6054	-4.11563	-2.79455	0.0982194	0.0888394	0.556987	0.478756
4.07642	18.4544	-3.80575	-2.82858	0.0980021	0.0886743	0.55557	0.478237
3.86669	18.2787	-3.92515	-3.26774	0.0977604	0.0884772	0.55418	0.477002
3.58627	18.1332	-4.15164	-3.22552	0.0976376	0.0883303	0.55342	0.475845
3.41332	17.9828	-4.04884	-3.13761	0.0974691	0.0882492	0.552512	0.475017
3.18064	17.8165	-4.12673	-3.15242	0.0975025	0.0881922	0.552101	0.474362
2.96287	17.6325	-4.18913	-3.44223	0.0977636	0.0880998	0.552262	0.473212
2.81549	17.5128	-4.03525	-3.35059	0.0978209	0.088332	0.551946	0.472357
2.64111	17.2966	-3.98661	-3.70031	0.0978686	0.0883484	0.551668	0.471182
2.48634	17.1038	-3.86633	-3.71667	0.0978243	0.0883239	0.551127	0.470008
2.30341	16.9383	-3.82449	-3.5355	0.0978408	0.0884156	0.550647	0.469159
2.16543	16.7695	-3.68375	-3.52292	0.0977285	0.0886453	0.549868	0.468518
1.96243	16.5702	-3.73044	-3.56204	0.0977912	0.0888293	0.549473	0.467931
1.82685	16.3426	-3.5855	-3.65312	0.0977262	0.0888285	0.548751	0.467225
1.65212	16.1641	-3.5742	-3.64979	0.0977325	0.0889342	0.54819	0.466701
1.46132	15.999	-3.6094	-3.61819	0.0979361	0.0892825	0.548004	0.466501
1.30143	15.7641	-3.56433	-4.0057	0.0981793	0.0894075	0.547863	0.465413
1.14882	15.541	-3.49222	-4.04671	0.0984312	0.0894335	0.547645	0.464337
0.967038	15.3457	-3.51318	-4.04296	0.0989361	0.0895257	0.547778	0.463323
0.766079	15.1222	-3.5786	-4.08207	0.0999677	0.0895448	0.54856	0.46232
0.609213	14.9404	-3.51931	-3.97811	0.101134	0.0897352	0.549294	0.461634
0.551238	14.734	-3.20003	-3.98515	0.101506	0.0899734	0.548756	0.46105
0.414873	14.4879	-3.13356	-4.30526	0.101863	0.0900265	0.548169	0.459976
0.256425	14.2614	-3.13724	-4.32564	0.102398	0.0900348	0.547784	0.458916
0.0981452	14.0033	-3.13535	-4.66413	0.103152	0.0898988	0.547596	0.458189
0.140408	13.7582	-2.59525	-4.66967	0.102945	0.089713	0.546333	0.4574
0.0157517	13.5115	-2.57885	-4.81817	0.102734	0.0895077	0.545087	0.456956
-0.142673	13.2726	-2.65903	-4.81693	0.102599	0.0893055	0.543965	0.456412
-0.278724	13.0533	-2.67299	-4.66334	0.102506	0.0891026	0.542951	0.455463
-0.236626	12.8422	-2.19658	-4.6061	0.102428	0.0889048	0.54189	0.454443
-0.374087	12.6129	-2.27611	-4.52003	0.102288	0.0887079	0.540693	0.453439
-0.483844	12.3832	-2.26487	-4.52627	0.102171	0.0885124	0.539489	0.452454
-0.623884	12.1699	-2.33845	-4.52221	0.101989	0.0883366	0.538302	0.451503
-0.67986	11.9615	-2.17276	-4.48276	0.101991	0.0882114	0.537119	0.450644
-0.826529	11.7251	-2.27369	-4.56169	0.101861	0.0880788	0.535956	0.44971
-1.02865	11.4767	-2.51513	-4.61106	0.101652	0.0879168	0.535305	0.448754
-1.13691	11.2481	-2.478	-4.51086	0.101446	0.0877689	0.534656	0.447974
-1.30909	11.0226	-2.60998	-4.52011	0.101421	0.0876473	0.534611	0.447217
-1.41225	10.7686	-2.49878	-4.80473	0.101395	0.087489	0.534257	0.446258
-1.52582	10.5116	-2.46849	-4.8326	0.101419	0.0873066	0.533912	0.445312
-1.63769	10.2399	-2.4134	-5.02303	0.101499	0.0871246	0.533481	0.444633
-1.69915	10.0356	-2.24831	-4.92104	0.101421	0.0869464	0.532665	0.443753
-1.78888	9.80475	-2.19069	-4.85513	0.101318	0.0867803	0.531788	0.442814
-1.83395	9.59459	-2.01143	-4.77595	0.101113	0.0866808	0.530698	0.441881
-1.96315	9.33192	-2.06074	-4.97145	0.100966	0.0865316	0.529696	0.441036
-2.03596	9.0353	-1.9823	-5.05079	0.10078	0.086356	0.528634	0.44031
-2.11477	8.8146	-1.94477	-4.89995	0.100578	0.0861749	0.527565	0.439394
-2.20145	8.56637	-1.91619	-4.90221	0.100374	0.0859945	0.526496	0.438482
-2.34404	8.30107	-2.037	-4.99643	0.100264	0.0858278	0.525614	0.437643
-2.36493	8.08168	-1.81073	-4.90707	0.100056	0.0856496	0.524524	0.436738
-2.412	7.87557	-1.67824	-4.83119	0.0998848	0.0855099	0.523475	0.435848
-2.53031	7.62253	-1.77434	-4.86813	0.0996818	0.0853565	0.522397	0.434952
-2.69591	7.37982	-2.03357	-4.77771	0.0995683	0.085207	0.521647	0.434125
-2.80264	7.12659	-2.05018	-4.80789	0.0995169	0.085047	0.520963	0.433278
-2.85877	6.89363	-1.8573	-4.91011	0.0993775	0.0849055	0.519967	0.432396
-2.87545	6.70383	-1.63862	-4.75712	0.0991802	0.084934	0.518941	0.431624
-2.91423	6.4941	-1.56688	-4.56802	0.0990567	0.0851471	0.517983	0.431292
-2.96877	6.26481	-1.50289	-4.55565	0.0990317	0.0854606	0.517116	0.431008
-3.10022	6.005	-1.61771	-4.74212	0.0988779	0.0856793	0.516116	0.430276
-3.19659	5.72047	-1.6726	-4.84887	0.0987071	0.0856971	0.515093	0.429435
-3.3037	5.4697	-1.80374	-4.77957	0.0985154	0.0856933	0.5141	0.428659
-3.41224	5.20207	-1.86097	-4.85347	0.0983218	0.085614	0.513162	0.427825
-3.47819	4.9557	-1.72344	-4.93122	0.098131	0.0855324	0.512151	0.426985
-3.60929	4.65975	-1.85522	-5.07652	0.0979598	0.0853672	0.511207	0.426287
-3.71294	4.40444	-1.97192	-4.99115	0.0978176	0.0852003	0.510417	0.425492
-3.86219	4.118	-2.11053	-5.121	0.0978759	0.0850731	0.509926	0.424899
-3.93617	3.8823	-1.92758	-5.13282	0.0978768	0.0849317	0.509045	0.424346
-3.99302	3.66446	-1.82073	-5.00033	0.0977755	0.0847684	0.508071	0.423589
-4.07521	3.47932	-1.86004	-4.76386	0.0976579	0.0846694	0.507113	0.422831
-4.16604	3.23685	-1.85635	-4.77298	0.0975436	0.084574	0.506151	0.422062
-4.28359	2.97598	-1.98109	-4.81461	0.0975085	0.084443	0.505281	0.421266
-4.38066	2.69187	-1.9888	-4.93028	0.0974932	0.0842828	0.504402	0.420492
-4.46583	2.44446	-1.90564	-4.94615	0.0974522	0.084125	0.503453	0.419744
-4.57397	2.16844	-1.93858	-5.03929	0.0974636	0.0840089	0.502514	0.419145
-4.67443	1.9468	-2.12796	-4.88541	0.0974974	0.0838637	0.501749	0.418376
-4.79985	1.65669	-2.17058	-5.03719	0.0976668	0.0838266	0.501017	0.417828
-4.92129	1.40601	-2.25805	-5.0278	0.0979697	0.0838267	0.50041	0.417292
-4.97281	1.19508	-2.14013	-4.85954	0.0980262	0.083739	0.499562	0.416544
-5.0638	0.996561	-2.07023	-4.71838	0.0980445	0.0835889	0.498646	0.415781
-5.11697	0.779917	-1.97772	-4.62763	0.0979188	0.0834353	0.497745	0.415079
-5.21987	0.453192	-2.06723	-4.9207	0.0977928	0.0834362	0.49683	0.414474
-5.29137	0.220292	-2.01086	-4.86364	0.0976211	0.0834254	0.495963	0.413815
-5.40003	-0.0707358	-1.89549	-5.01293	0.0974517	0.0836786	0.495305	0.413509
-5.46466	-0.29409	-1.849	-4.91678	0.0972836	0.0838674	0.494835	0.413017
-5.58214	-0.456138	-2.01186	-4.67257	0.0971116	0.0837788	0.494113	0.41227
-5.71615	-0.618803	-2.10426	-4.45973	0.0969368	0.0836325	0.49332	0.411651
-5.83243	-0.845845	-2.35379	-4.51217	0.0967635	0.0834899	0.492439	0.410948
-5.93231	-1.12903	-2.29457	-4.68658	0.0965914	0.0833654	0.491568	0.41026
-6.02054	-1.41053	-2.21683	-4.82731	0.0964475	0.08338	0.490806	0.409853
-6.161	-1.60598	-2.29589	-4.69019	0.096283	0.0832979	0.490008	0.409239
-6.3026	-1.85563	-2.58518	-4.81201	0.0961122	0.0832854	0.489174	0.408942
-6.41376	-2.11211	-2.54189	-4.85969	0.0959468	0.0834041	0.488309	0.408884
-6.5662	-2.30313	-2.55371	-4.68013	0.0957792	0.0833935	0.487451	0.408421
-6.71691	-2.50531	-2.61701	-4.58606	0.0956267	0.0833266	0.486596	0.407848
-6.87325	-2.71831	-2.71537	-4.55136	0.0955108	0.0832445	0.485749	0.407278
-6.96028	-3.00402	-2.58603	-4.72338	0.0953446	0.0834169	0.484974	0.407222
-7.08715	-3.23029	-2.53742	-4.67262	0.0951796	0.0836436	0.48434	0.407122
-7.20935	-3.41129	-2.55898	-4.52987	0.0950254	0.0837089	0.483764	0.406735
-7.35178	-3.67648	-2.59307	-4.64564	0.0948723	0.0840529	0.483229	0.406817
-7.51362	-3.78437	-2.73021	-4.30328	0.0947104	0.083964	0.482548	0.406188
-7.65734	-3.99928	-2.8266	-4.34455	0.094551	0.0838921	0.481816	0.405686
-7.80914	-4.23439	-2.83774	-4.38877	0.0943921	0.08391	0.481143	0.405383
-7.95641	-4.46277	-2.85167	-4.41529	0.0942373	0.0840317	0.48054	0.405291
-8.11602	-4.70747	-2.87319	-4.4722	0.0940815	0.0843931	0.480003	0.40558
-8.25171	-4.9112	-2.72175	-4.33326	0.0939489	0.0847854	0.480029	0.405544
-8.37845	-5.1258	-2.70357	-4.33113	0.0938878	0.0853023	0.480326	0.405682
-8.52475	-5.28656	-2.70267	-4.14831	0.0938816	0.0856024	0.480857	0.405414
-8.71379	-5.47808	-2.82374	-4.08908	0.0938133	0.0859064	0.481119	0.405139
-8.87036	-5.68267	-2.88964	-4.10569	0.0937832	0.0863131	0.481342	0.405078
-9.02704	-5.86063	-2.92961	-4.03273	0.0938076	0.0866735	0.481627	0.404977
-9.16381	-6.01322	-2.88345	-3.87776	0.0939983	0.0868674	0.48234	0.404625
-9.34467	-6.09198	-3.02004	-3.57764	0.0941775	0.0867451	0.482705	0.403965
-9.52065	-6.28219	-3.13729	-3.6434	0.0943829	0.0866466	0.482837	0.403422
-9.65637	-6.49817	-3.07621	-3.73537	0.0948697	0.0866659	0.483428	0.40321
-9.88109	-6.66554	-3.36878	-3.75068	0.0951273	0.0866812	0.483181	0.403254
-10.0918	-6.82995	-3.46877	-3.67744	0.0952803	0.0866944	0.482821	0.403291
-10.273	-6.9993	-3.53256	-3.6658	0.0954867	0.0867354	0.482441	0.403545
-10.511	-7.1843	-3.66038	-3.64611	0.0955119	0.0868902	0.481909	0.40402
-10.7118	-7.33263	-3.71785	-3.55696	0.0955278	0.0870181	0.481372	0.404438
-10.9672	-7.49547	-3.87066	-3.49289	0.0954091	0.0872046	0.480692	0.404914
-11.1435	-7.64664	-3.76638	-3.38747	0.0953448	0.0874147	0.480271	0.405284
-11.2904	-7.79805	-3.68805	-3.35997	0.0954827	0.0876718	0.480186	0.405882
-11.4749	-7.93735	-3.69023	-3.28101	0.0957336	0.0879343	0.480252	0.406499
-11.6575	-8.02874	-3.71936	-3.10494	0.0961406	0.088	0.480383	0.406744
-11.8355	-8.15714	-3.61211	-2.97123	0.0967759	0.0880621	0.481122	0.406826
-12.0563	-8.23042	-3.72972	-2.77218	0.0973668	0.087976	0.481556	0.406589
-12.284	-8.37007	-4.01825	-2.89506	0.0978845	0.0879349	0.481222	0.407066
-12.4973	-8.44168	-4.07592	-2.71218	0.0984413	0.0878127	0.480856	0.407202
-12.6851	-8.54597	-3.92223	-2.55194	0.0992398	0.087685	0.481057	0.407129
-12.9799	-8.62158	-4.14906	-2.38563	0.0995647	0.0875493	0.480716	0.406873
-13.2264	-8.73395	-4.30585	-2.39965	0.0997829	0.0874135	0.480151	0.406937
-13.4576	-8.77167	-4.37296	-2.19242	0.0999848	0.0873308	0.479545	0.406697
-13.6486	-8.83801	-4.15279	-1.98098	0.100391	0.087307	0.479493	0.406238
-13.8826	-8.94019	-4.20561	-1.97809	0.100779	0.0872427	0.479385	0.405981
-14.1345	-9.04305	-4.45681	-2.07596	0.101063	0.0871383	0.478809	0.406361
-14.3691	-9.15266	-4.47856	-2.08548	0.101346	0.0870057	0.478247	0.407239
-14.5772	-9.25102	-4.34599	-2.01342	0.101781	0.0868812	0.478004	0.408285
-14.8876	-9.2234	-4.58684	-1.66213	0.101861	0.0868363	0.477374	0.408341
-15.1332	-9.31959	-4.57469	-1.66358	0.101916	0.0867241	0.47679	0.408798
-15.4139	-9.42507	-4.67191	-1.69767	0.101851	0.086599	0.476125	0.409913
-15.6299	-9.48926	-4.44655	-1.53551	0.101853	0.0864898	0.475856	0.410782
-15.9013	-9.55246	-4.55127	-1.48266	0.101779	0.0864144	0.475401	0.411946
-16.1321	-9.59237	-4.47396	-1.33913	0.101731	0.0863466	0.475138	0.412961
-16.4005	-9.5559	-4.60251	-1.06704	0.10163	0.0862186	0.474639	0.413303
-16.5917	-9.5915	-4.45128	-0.993928	0.101659	0.0860904	0.47448	0.413816
-16.9016	-9.53971	-4.66314	-0.709194	0.101537	0.08604	0.473915	0.413756
-17.1414	-9.62207	-4.70733	-0.850448	0.101422	0.0859128	0.473303	0.414672
-17.4223	-9.61716	-4.81474	-0.715239	0.101274	0.0857874	0.472616	0.415511
-17.6604	-9.6376	-4.67691	-0.604149	0.10113	0.085663	0.47204	0.416386
-17.9354	-9.576	-4.78974	-0.360227	0.100984	0.0855735	0.471365	0.416748
-18.157	-9.57297	-4.62208	-0.242554	0.100837	0.0854726	0.470846	0.417121
-18.3619	-9.60465	-4.5638	-0.301166	0.10072	0.0853501	0.470403	0.418271
-18.5824	-9.61935	-4.5922	-0.325275	0.100639	0.0852679	0.469892	0.420203
-18.8536	-9.57993	-4.69224	-0.170684	0.100512	0.0851711	0.469253	0.421929
-19.0673	-9.56785	-4.64595	-0.120725	0.100424	0.0851162	0.468637	0.424062
-19.3444	-9.40683	-4.78665	0.313996	0.100288	0.0850463	0.467963	0.424605
-19.5569	-9.36484	-4.55765	0.456537	0.10018	0.0849661	0.467388	0.425066
-19.838	-9.1997	-4.70411	0.833732	0.100037	0.0852809	0.466718	0.424775
-20.0652	-9.11368	-4.61682	0.981774	0.099896	0.0857432	0.466059	0.424432
-20.2208	-9.26754	-4.41374	0.441961	0.0998677	0.0856391	0.465542	0.426793
-20.4429	-9.25874	-4.3932	0.416908	0.0998624	0.0856718	0.465002	0.430103
-20.6905	-9.12171	-4.48024	0.720452	0.0998095	0.0855738	0.464358	0.432171
-20.9191	-9.06889	-4.37499	0.815216	0.099752	0.0855314	0.46375	0.434361
-21.1298	-8.97392	-4.37422	0.949851	0.099726	0.0854785	0.463115	0.436428
-21.3484	-8.917	-4.25016	1.02533	0.099707	0.085533	0.462531	0.438722
-21.549	-8.8729	-4.22537	1.00311	0.0997395	0.0858357	0.461924	0.441885
-21.7194	-8.77566	-3.88972	1.21664	0.0999408	0.0861909	0.461746	0.444361
-21.9385	-8.65641	-3.95184	1.37355	0.100113	0.0865101	0.46132	0.446547
-22.1398	-8.5675	-4.0108	1.40983	0.100319	0.0869985	0.460741	0.449171
-22.3986	-8.42407	-4.13984	1.61485	0.100332	0.0873698	0.460111	0.451199
-22.5729	-8.34206	-3.92837	1.66048	0.100437	0.0880382	0.459497	0.453576
-22.8558	-8.02318	-4.147	2.29218	0.100332	0.0879421	0.458993	0.453611
-23.0288	-7.91186	-3.78062	2.37074	0.100264	0.0878966	0.458382	0.453724
-23.283	-7.68852	-3.92513	2.66015	0.100127	0.0877772	0.457816	0.453387
-23.4781	-7.54352	-3.94136	2.68651	0.0999903	0.0876572	0.457367	0.453206
-23.6539	-7.40014	-3.90328	2.70404	0.0998547	0.0875394	0.456997	0.453235
-23.8362	-7.24797	-3.76728	2.77816	0.099719	0.087426	0.456553	0.453328
-23.9989	-7.17313	-3.70811	2.6049	0.0995866	0.0874943	0.45616	0.454413
-24.1547	-7.01474	-3.45051	2.72815	0.0994624	0.0876046	0.455581	0.455354
-24.3426	-6.7122	-3.50754	3.16399	0.0993285	0.087487	0.455176	0.455161
-24.4962	-6.56528	-3.21886	3.18983	0.0991964	0.08738	0.454581	0.455118
-24.5924	-6.43925	-3.09373	3.08633	0.0991274	0.0873708	0.453979	0.455666
-24.7208	-6.27601	-2.91852	3.1338	0.0991041	0.0874337	0.453373	0.456341
-24.9266	-6.02585	-3.04261	3.39243	0.0989828	0.0873551	0.452897	0.456413
-25.0467	-5.83636	-2.84993	3.46709	0.0988811	0.087287	0.45234	0.456489
-25.1911	-5.65521	-2.85431	3.48792	0.0987678	0.0872553	0.451907	0.456721
-25.3341	-5.4805	-2.80204	3.49948	0.0986432	0.0872999	0.451568	0.457146
-25.5006	-5.22104	-2.85995	3.72682	0.0985199	0.0872221	0.451615	0.457093
-25.6177	-5.06248	-2.75357	3.65716	0.0983973	0.087261	0.451685	0.457429
-25.7443	-4.89029	-2.73225	3.62685	0.0982881	0.0874483	0.452045	0.458087
-25.8543	-4.70181	-2.53181	3.66597	0.0981849	0.0877614	0.452149	0.458814
-25.9861	-4.41985	-2.54978	3.92669	0.0981345	0.0878138	0.452696	0.45886
-26.0867	-4.23062	-2.0857	3.9629	0.0981003	0.0879821	0.45234	0.458949
-26.1919	-3.89374	-2.09697	4.32889	0.0981112	0.0878772	0.452253	0.458439
-26.2581	-3.68337	-1.68292	4.3481	0.0980853	0.0877882	0.451713	0.457959
-26.2922	-3.3895	-1.59547	4.54204	0.0979874	0.0876834	0.451205	0.457373
-26.3338	-3.16122	-1.29259	4.56334	0.0978664	0.0875775	0.450624	0.456796
-26.3631	-2.91731	-1.22896	4.59984	0.0977427	0.0874815	0.450051	0.45622
-26.4114	-2.70274	-1.0863	4.56655	0.0976228	0.0873723	0.449476	0.455683
-26.4939	-2.57583	-1.13611	4.30161	0.0974999	0.087391	0.449024	0.455605
-26.5397	-2.35008	-1.01721	4.33625	0.0973784	0.087442	0.448584	0.455505
-26.6026	-2.14795	-1.0389	4.29882	0.0972764	0.0876217	0.448392	0.455553
-26.6232	-1.92214	-0.872336	4.33077	0.0971656	0.0878568	0.448125	0.455566
-26.637	-1.63858	-0.818013	4.50506	0.0970482	0.0879232	0.448011	0.455242
-26.6255	-1.43253	-0.406634	4.45973	0.0969265	0.0881164	0.447483	0.455024
-26.639	-1.1831	-0.393806	4.52925	0.0968048	0.0882745	0.447071	0.454697
-26.6599	-0.973074	-0.234847	4.48836	0.0966844	0.0885679	0.446623	0.454452
-26.6828	-0.686464	-0.252584	4.65434	0.0965785	0.0886731	0.446399	0.453972
-26.6635	-0.451887	0.113835	4.65753	0.0964645	0.088803	0.445873	0.453489
-26.6256	-0.106636	0.178329	4.95367	0.0963441	0.0887024	0.445396	0.452966
-26.5982	0.134621	0.440428	4.93025	0.096225	0.0886022	0.444845	0.452435
-26.5825	0.459503	0.435209	5.13856	0.0961057	0.0885382	0.444367	0.452169
-26.5588	0.707593	0.530652	5.11049	0.0959887	0.0884882	0.443919	0.451879
-26.5632	1.00071	0.478686	5.21111	0.0959108	0.0885766	0.443747	0.451829
-26.5099	1.28413	0.583948	5.26912	0.0958226	0.0888412	0.443612	0.451979
-26.4692	1.49828	0.598699	5.13825	0.0957496	0.0890062	0.443737	0.45186
-26.4199	1.7069	0.786742	4.99473	0.0956903	0.0890738	0.44369	0.451524
-26.3803	1.89138	0.778319	4.82184	0.0956796	0.0890193	0.443987	0.451023
-26.3041	2.11787	1.10288	4.75783	0.0956537	0.0889539	0.443773	0.450503
-26.2531	2.28718	1.0853	4.57617	0.0956878	0.0888461	0.443863	0.449959
-26.1814	2.50847	1.19467	4.54758	0.0957486	0.0887413	0.443968	0.449416
-26.1103	2.76589	1.21989	4.6273	0.0958591	0.0886366	0.444327	0.448891
-26.0102	2.9837	1.64754	4.54543	0.0959439	0.0885301	0.443971	0.448354
-25.906	3.29733	1.70188	4.77441	0.0960089	0.0885487	0.443703	0.448082
-25.8147	3.53351	1.87126	4.74357	0.0961121	0.0886078	0.443344	0.447838
-25.7169	3.71869	1.86915	4.60664	0.0962525	0.0885804	0.443167	0.447458
-25.5934	3.92421	2.10065	4.5115	0.0963597	0.0885314	0.442787	0.447027
-25.538	4.07996	1.99557	4.32428	0.0967286	0.0884262	0.442791	0.446504
-25.4085	4.27712	2.21644	4.2445	0.0970703	0.0883218	0.442547	0.445976
-25.2493	4.51658	2.31079	4.31996	0.0972802	0.0882237	0.442314	0.445522
-25.0883	4.71792	2.43885	4.27553	0.0973917	0.0881234	0.442029	0.445083
-24.9805	4.91003	2.40795	4.21735	0.0976185	0.0880198	0.441991	0.444648
-24.8146	5.10643	2.65469	4.14708	0.0977608	0.0879161	0.441668	0.444205
-24.6493	5.33816	2.72066	4.21441	0.0978466	0.0878322	0.441384	0.44393
-24.4687	5.52526	3.083	4.08794	0.0978558	0.0877424	0.440868	0.443567
-24.2864	5.69457	3.12592	3.99973	0.0978119	0.0876411	0.440364	0.443176
-24.1141	5.85923	3.35946	3.85283	0.0977501	0.0875406	0.439866	0.442711
-23.947	6.01183	3.34685	3.74838	0.0976869	0.0874634	0.439353	0.442224
-23.7892	6.21158	3.20411	3.81501	0.0976448	0.0873692	0.438993	0.441863
-23.6391	6.35836	3.1728	3.69917	0.0976538	0.0873064	0.438805	0.44145
-23.4789	6.53858	3.26847	3.65918	0.097709	0.0872346	0.438584	0.441074
-23.2512	6.79523	3.4103	3.86051	0.0976593	0.0871549	0.438257	0.44122
-23.0436	6.94689	3.60221	3.71526	0.0975772	0.087063	0.437805	0.441189
-22.8382	7.1176	3.64498	3.68075	0.0974788	0.0869779	0.437376	0.441248
-22.6124	7.27066	3.94033	3.53254	0.0973669	0.0868884	0.436883	0.441142
-22.4422	7.39075	3.87096	3.38198	0.0972635	0.0867896	0.436398	0.440896
-22.1977	7.54225	4.28763	3.23047	0.0971569	0.0866911	0.436102	0.440541
-22.0238	7.6843	4.20425	3.17251	0.097047	0.0865943	0.435651	0.440209
-21.8223	7.87728	4.14165	3.28189	0.0969383	0.0865135	0.435156	0.440211
-21.6294	8.00122	4.10064	3.17618	0.0968367	0.0864209	0.434682	0.440147
-21.4276	8.14537	4.18222	3.10023	0.096742	0.0863336	0.434199	0.440082
-21.2313	8.13916	4.09945	2.6865	0.096665	0.0863955	0.433808	0.439599
-21.0252	8.30509	4.0329	2.80143	0.0966013	0.0863681	0.433572	0.43928
-20.8629	8.44941	3.95883	2.80335	0.0966558	0.0863088	0.433576	0.439082
-20.6018	8.58463	4.36504	2.68275	0.0966183	0.0862328	0.433105	0.438811
-20.3516	8.72321	4.42847	2.70157	0.0965402	0.0861409	0.432628	0.438704
-20.1412	8.86353	4.35636	2.73624	0.0964826	0.0860454	0.432222	0.438843
-19.9637	8.93997	4.25415	2.57401	0.0965297	0.0859583	0.431998	0.438778
-19.756	9.06098	4.2443	2.55148	0.0966397	0.0858644	0.431861	0.438826
-19.5526	9.11509	4.19765	2.36478	0.0968456	0.0858155	0.4319	0.438642
-19.2937	9.24257	4.48114	2.31175	0.0969607	0.0857333	0.431526	0.438493
-19.0039	9.33684	4.6017	2.27603	0.0969352	0.0856525	0.431084	0.438413
-18.7782	9.42862	4.68846	2.16425	0.096932	0.085572	0.430618	0.438256
-18.5251	9.52473	4.7204	2.13934	0.0968989	0.0854861	0.430154	0.438186
-18.2452	9.57461	5.04207	1.86768	0.0968109	0.085439	0.42982	0.437808
-17.9401	9.70944	5.16591	1.98552	0.0967113	0.0853461	0.429624	0.437706
-17.6761	9.82233	5.0925	2.07378	0.0966289	0.0852628	0.429288	0.437967
-17.409	9.91875	5.11452	2.05965	0.0965769	0.085201	0.42895	0.438374
-17.142	10.0172	5.23175	1.99351	0.0965648	0.0851828	0.428743	0.438776
-16.879	10.1255	5.23843	2.01499	0.0965904	0.0852628	0.428512	0.439445
-16.6057	10.2124	5.33389	1.93423	0.0966868	0.0854126	0.42841	0.440052
-16.3794	10.2903	5.24199	1.87593	0.0967227	0.08562	0.428128	0.440667
-16.1036	10.378	5.37329	1.79475	0.0968328	0.0859479	0.42803	0.441212
-15.9058	10.3575	5.1734	1.50659	0.096812	0.0859971	0.427637	0.441161
-15.6475	10.4297	5.19158	1.48447	0.096806	0.0861015	0.427246	0.441187
-15.4658	10.3839	4.97112	1.17113	0.0967088	0.0860202	0.426801	0.440808
-15.1465	10.4296	5.35418	0.9938	0.0966971	0.085938	0.426567	0.44035
-14.8935	10.4706	5.31925	0.96825	0.0966855	0.0858537	0.426269	0.439906
-14.6482	10.5029	5.12557	1.02754	0.0966579	0.085765	0.42582	0.439548
-14.4333	10.4492	4.98611	0.763619	0.0965758	0.08575	0.425396	0.439081
-14.1624	10.479	5.10091	0.695509	0.0965122	0.0857495	0.424946	0.438617
-13.834	10.6555	5.32707	1.05657	0.0966024	0.0856983	0.424611	0.438523
-13.5681	10.7213	5.26837	1.13993	0.0967225	0.0857082	0.424216	0.438714
-13.3433	10.7044	5.14745	0.953771	0.0967553	0.0856413	0.42377	0.438599
-13.0663	10.7383	5.29136	0.836446	0.0968417	0.085582	0.423383	0.438363
-12.8162	10.8299	5.28597	0.946994	0.0969087	0.0856573	0.422989	0.438406
-12.5359	10.8901	5.3523	0.960974	0.0970428	0.0858526	0.422647	0.438574
-12.3331	10.8314	5.15355	0.693028	0.0970343	0.0858273	0.422206	0.438307
-12.0693	10.869	5.16631	0.704338	0.0970381	0.0858376	0.421766	0.438111
-11.8302	10.9305	5.13793	0.757695	0.0970054	0.0859671	0.421329	0.438073
-11.5379	10.9594	5.2758	0.687828	0.0970429	0.0861394	0.420919	0.437967
-11.3297	10.9584	5.13258	0.588182	0.0969852	0.0862591	0.420487	0.437748
-11.0505	10.9066	5.46427	0.0765967	0.0969597	0.086224	0.420254	0.437361
-10.754	10.8687	5.49422	-0.00883977	0.0970161	0.0861388	0.42006	0.437028
-10.4907	10.8702	5.446	0.0162197	0.0970831	0.0860512	0.419796	0.436647
-10.2736	10.8499	5.30885	-0.0503054	0.0970568	0.0859675	0.419401	0.436305
-10.0219	10.9014	5.12388	0.271819	0.0970177	0.0858864	0.418981	0.435899
-9.76447	10.9561	5.14906	0.363092	0.0969756	0.085861	0.418557	0.435594
-9.54092	10.9275	5.10388	0.174572	0.0968915	0.0857909	0.418149	0.435163
-9.281	10.9588	5.12723	0.225467	0.0968079	0.085754	0.417734	0.434768
-9.03807	10.9328	5.09844	0.10885	0.0967141	0.0856819	0.417332	0.434331
-8.77053	10.9702	5.14558	0.182093	0.0966247	0.0856531	0.416915	0.433931
-8.53738	10.9196	5.09464	-0.00933644	0.0965269	0.0855699	0.416519	0.433497
-8.41345	10.8207	4.72935	-0.26252	0.0966167	0.0855651	0.416631	0.433254
-8.16108	10.8292	4.76408	-0.189205	0.0967277	0.0855466	0.416669	0.432917
-7.77955	10.9042	5.15254	0.0386998	0.0966344	0.0854606	0.416255	0.432483
-7.51129	10.9031	5.14932	0.0779048	0.0965387	0.0853748	0.415843	0.432061
-7.23246	10.8959	5.19534	0.0613839	0.0964425	0.0852905	0.415426	0.431636
0.312243	0.58034	1	1	0.287757	0.0196602	4.19994	1
0.812616	0.692064	7.1225	1.33983	0.206215	0.0665356	3.26623	1.18117
1.19545	0.527402	9.51619	-0.0500679	0.17392	0.0686951	3.65016	0.964953
1.08199	0.561542	4.61491	2.33743	0.211853	0.0626195	3.17459	1.43237
1.4013	0.687338	4.93194	1.97889	0.217467	0.06794	2.84194	1.55254
1.74827	0.643322	5.32308	1.01935	0.207937	0.0642237	2.59483	1.47404
2.05502	0.690829	5.42703	0.898712	0.196536	0.0678997	2.40392	1.40296
2.29551	0.695441	5.24488	0.72282	0.189	0.0709062	2.24873	1.33372
2.57897	0.721635	5.29042	0.648682	0.181304	0.0766474	2.12036	1.27243
2.86044	0.708274	5.29924	0.435313	0.173786	0.0787346	2.01183	1.21233
3.10485	0.716569	5.26608	0.403169	0.168097	0.080821	1.91834	1.15956
3.40045	0.64531	5.30962	0.0297679	0.161804	0.0776553	1.837	1.11048
3.71293	0.57998	5.40425	-0.243591	0.155462	0.075844	1.76595	1.0722
3.99465	0.596332	5.46327	-0.140556	0.14988	0.0738767	1.70334	1.03637
4.27522	0.58638	5.47624	-0.153653	0.145146	0.072983	1.64732	1.0051
4.53231	0.604402	5.33071	-0.07543	0.140839	0.0718108	1.59546	0.975874
4.71896	0.677879	5.18637	0.20491	0.136903	0.0697174	1.54783	0.946781
4.971	0.674071	5.03923	0.142407	0.133417	0.0677666	1.50455	0.920618
5.27278	0.668713	5.12843	0.091144	0.129859	0.0662185	1.46445	0.897398
5.53432	0.673927	5.26749	0.106915	0.126574	0.0650521	1.42755	0.876199
5.83433	0.684288	5.33211	0.115745	0.123932	0.0641993	1.39366	0.856923
6.0741	0.626742	5.12797	-0.0939577	0.121229	0.0678134	1.36163	0.844082
6.3279	0.716893	5.11309	0.197101	0.11867	0.0672104	1.33172	0.827187
6.57819	0.745567	5.06319	0.25129	0.116224	0.0664898	1.30378	0.811215
6.82395	0.745461	5.05123	0.214377	0.113882	0.0667417	1.27755	0.797328
7.06524	0.731068	4.87723	0.12458	0.111686	0.0691915	1.25369	0.78678
7.27769	0.809163	4.81298	0.341467	0.110075	0.0690833	1.23166	0.773906
7.57802	0.823003	5.15841	0.349093	0.108104	0.0696904	1.2095	0.762295
7.83295	0.801687	5.15729	0.236493	0.106237	0.0732602	1.18851	0.754234
8.08078	0.818617	4.97725	0.236904	0.104493	0.0777367	1.16872	0.747726
8.31617	0.835122	4.95239	0.252063	0.102984	0.0832381	1.14993	0.742431
8.59021	0.925229	5.23481	0.497068	0.101395	0.0853264	1.13222	0.733631
8.83302	0.985372	5.19724	0.600143	0.0999396	0.0865545	1.11522	0.724559
9.12543	1.02376	5.24453	0.618866	0.098494	0.0880662	1.09926	0.716422
9.36625	1.05527	5.20562	0.623164	0.0970798	0.0902834	1.08389	0.709467
9.64759	1.12917	5.2557	0.744112	0.0958999	0.0914667	1.06953	0.701898
9.92719	1.26193	5.27517	1.01024	0.0951902	0.0905848	1.05603	0.692718
10.1725	1.34401	5.01763	1.0725	0.0944474	0.0894852	1.04207	0.683898
10.3934	1.4236	4.95948	1.14887	0.0933843	0.088341	1.02862	0.675352
10.6234	1.49391	4.72563	1.15864	0.0922465	0.0872313	1.0162	0.667426
10.8412	1.51946	4.69672	1.07182	0.0911333	0.0864603	1.00427	0.66119
11.1126	1.56188	4.88898	1.05345	0.0900703	0.0862075	0.992244	0.656308
11.395	1.60806	4.95926	1.03016	0.089388	0.0866552	0.980756	0.653065
11.6264	1.64914	4.8631	0.993623	0.0885972	0.0882549	0.969558	0.651946
11.8532	1.71879	4.83021	1.05058	0.0877069	0.0901868	0.958732	0.651108
12.1138	1.80253	4.99067	1.15396	0.0870498	0.0920407	0.948782	0.649621
12.359	1.83315	4.98666	1.08064	0.0865066	0.0961485	0.939295	0.651245
12.6186	1.88187	5.09359	1.07794	0.0863602	0.102007	0.931085	0.654573
12.819	2.03379	4.98015	1.35174	0.0857128	0.104867	0.922543	0.653376
13.09	2.14094	5.129	1.47651	0.0856498	0.107249	0.915858	0.651311
13.2968	2.29544	5.02541	1.70192	0.0851945	0.107953	0.908743	0.647177
13.4718	2.42145	4.61146	1.77696	0.0843728	0.108176	0.899985	0.643158
13.7205	2.54838	4.63797	1.87679	0.0836435	0.108065	0.891591	0.63898
13.9416	2.6467	4.58109	1.88366	0.082914	0.108249	0.883401	0.635706
14.1694	2.81494	4.56425	2.08253	0.0822291	0.107639	0.875502	0.631228
14.423	2.9216	4.73882	2.11214	0.0818644	0.107227	0.868903	0.627301
14.6315	2.9906	4.69392	2.01932	0.0813966	0.10783	0.862515	0.625532
14.8655	3.13918	4.73835	2.16042	0.0811648	0.108006	0.85707	0.622939
15.0776	3.34856	4.67116	2.43494	0.0809238	0.107218	0.851649	0.618509
15.2903	3.49531	4.46154	2.46697	0.080718	0.106393	0.84529	0.614518
15.5049	3.69766	4.42784	2.67819	0.080616	0.105596	0.839224	0.609803
15.7189	3.80917	4.36547	2.60564	0.0806605	0.104741	0.833293	0.606125
15.9409	3.96053	4.36737	2.66057	0.0810729	0.103908	0.827908	0.60271
16.1413	4.09002	4.15295	2.6068	0.0815009	0.103119	0.821835	0.600694
16.3335	4.30596	4.10264	2.83539	0.081847	0.102457	0.815968	0.59723
16.549	4.44971	4.12794	2.84017	0.0826666	0.101733	0.81071	0.594445
16.7239	4.63128	4.05857	2.95055	0.0831584	0.10113	0.805578	0.5914
16.8852	4.77534	3.68424	2.86305	0.0832141	0.100427	0.799635	0.590084
17.0383	5.03284	3.59491	3.16885	0.0829069	0.100606	0.79382	0.586629
17.2166	5.16762	3.55428	3.09241	0.0826113	0.10027	0.788141	0.584458
17.3681	5.37136	3.49073	3.22618	0.0821398	0.100272	0.782595	0.581763
17.5342	5.49819	3.40001	3.10924	0.0816559	0.0997269	0.777156	0.581078
17.721	5.63739	3.43654	3.06318	0.081332	0.0990419	0.772042	0.581993
17.8763	5.79303	3.2741	3.02999	0.0809624	0.0984289	0.766868	0.584492
18.0402	6.02235	3.25112	3.23162	0.0806535	0.0977769	0.761927	0.58482
18.1993	6.2038	3.22177	3.27875	0.0804072	0.0971319	0.757267	0.585379
18.3123	6.48712	3.09375	3.59856	0.0799283	0.0969705	0.752582	0.583084
18.4527	6.67218	2.97101	3.58049	0.0794465	0.0966617	0.74791	0.581555
18.597	6.82205	2.97231	3.5067	0.0789922	0.0960642	0.743639	0.58156
18.7541	7.0081	3.0187	3.54534	0.0786776	0.0954631	0.740199	0.581812
18.9508	7.16595	3.11286	3.48382	0.0792252	0.0950705	0.738375	0.583705
19.0517	7.32431	2.78808	3.36875	0.0793836	0.095246	0.734878	0.588376
19.1267	7.64476	2.61353	3.77401	0.0790717	0.0946708	0.73108	0.58777
19.256	7.82717	2.59334	3.7498	0.0788908	0.0941912	0.727799	0.588044
19.3266	8.07721	2.45746	3.92478	0.0784681	0.0936379	0.724416	0.586924
19.4313	8.26782	2.42319	3.91533	0.0780574	0.093178	0.721542	0.58639
19.5252	8.42481	2.38419	3.82498	0.0776401	0.0933106	0.719229	0.587461
19.6283	8.59919	2.2416	3.73347	0.0772715	0.0942529	0.716736	0.5904
19.784	8.80018	2.32141	3.75705	0.0775715	0.0957044	0.71595	0.593496
19.8703	8.98881	2.10995	3.69708	0.0779404	0.0980598	0.714288	0.598066
19.9867	9.25945	2.09964	3.90958	0.0790255	0.0994328	0.71364	0.599797
20.0468	9.44354	1.81269	3.7961	0.079893	0.101866	0.711539	0.603601
20.116	9.72942	1.73406	4.04299	0.0808378	0.103085	0.709786	0.604298
20.1788	9.97366	1.68203	4.16329	0.0818527	0.104116	0.708639	0.603949
20.2153	10.2923	1.54494	4.45276	0.0825663	0.104014	0.707378	0.601571
20.2423	10.4975	1.23881	4.31152	0.0829716	0.104282	0.704826	0.600308
20.2892	10.8105	1.16947	4.55694	0.0834799	0.103885	0.702653	0.597688
20.3167	11.0629	1.0362	4.59459	0.0838952	0.103438	0.700459	0.595019
20.3517	11.3171	0.992013	4.66018	0.0844186	0.102952	0.698864	0.592219
20.3157	11.524	0.482818	4.42145	0.0842791	0.102624	0.695494	0.590636
20.3799	11.784	0.547429	4.50323	0.0846941	0.102206	0.692807	0.588605
20.402	12.0137	0.624311	4.571	0.085306	0.101852	0.691403	0.58628
20.3823	12.3395	0.478591	4.82405	0.0856077	0.101396	0.689889	0.583428
20.3498	12.5387	0.0702285	4.54224	0.0855974	0.100916	0.68694	0.581275
20.3727	12.7924	0.0983807	4.59976	0.0859734	0.100434	0.684707	0.578886
20.3738	12.9917	-0.0236086	4.44145	0.0866031	0.100043	0.682542	0.577225
20.3361	13.2185	-0.101235	4.46544	0.0870251	0.0997178	0.6807	0.575373
20.3049	13.4311	-0.222161	4.40031	0.0874279	0.0995661	0.67893	0.573812
20.2744	13.7255	-0.295944	4.58466	0.0879058	0.0991382	0.677536	0.57139
20.2336	13.9202	-0.522724	4.37683	0.0884046	0.0988965	0.675555	0.569748
20.1644	14.2126	-0.64647	4.56644	0.0886484	0.0984552	0.673622	0.567307
20.0995	14.4195	-0.825028	4.43828	0.0887906	0.0980797	0.671452	0.565169
19.9753	14.7151	-1.03407	4.64124	0.0884823	0.0976741	0.668967	0.562664
19.9121	14.9131	-1.11073	4.51119	0.0882014	0.0972471	0.666705	0.560239
19.8898	15.1404	-1.04088	4.50354	0.0883013	0.0968264	0.665534	0.557813
19.7869	15.3071	-1.56158	4.03273	0.0882102	0.0966137	0.662749	0.557111
19.7554	15.4988	-1.45735	3.99284	0.0886827	0.0966441	0.660674	0.55636
19.6769	15.6753	-1.51809	3.89139	0.0893386	0.097155	0.658917	0.555987
19.5519	15.9276	-1.6509	4.04278	0.0896536	0.0972841	0.657117	0.554348
19.4541	16.1189	-1.70255	4.0032	0.0900456	0.0976703	0.6557	0.552648
19.3403	16.3204	-1.76513	4.0167	0.0903956	0.0981851	0.654633	0.550692
19.2342	16.4925	-1.94929	3.81589	0.0908635	0.0992079	0.653169	0.549329
19.0825	16.7456	-2.0972	3.97799	0.0910043	0.0995903	0.651543	0.547194
18.9411	16.9146	-2.49392	3.61829	0.0910241	0.100391	0.649003	0.546204
18.7273	17.2041	-2.742	3.89703	0.0906669	0.10026	0.646403	0.544037
18.607	17.4091	-2.5967	4.02298	0.0903508	0.100074	0.644177	0.542034
18.3807	17.6389	-2.82449	4.12262	0.0901047	0.0997276	0.641716	0.540675
18.2306	17.8257	-2.88367	4.03279	0.0898643	0.0993883	0.639357	0.539297
18.1187	18.0178	-2.80667	3.99981	0.0895181	0.0990319	0.637563	0.538193
17.9495	18.1546	-3.09414	3.60283	0.0891865	0.0988412	0.635239	0.536146
17.8395	18.2895	-2.9714	3.48679	0.0889037	0.0989304	0.633622	0.534104
17.713	18.4525	-3.0034	3.35798	0.088837	0.0990814	0.632321	0.532077
17.5009	18.6647	-3.16491	3.47785	0.0885755	0.0988979	0.630708	0.530394
17.3278	18.7884	-3.34199	3.18342	0.0883366	0.0989667	0.628785	0.528413
17.1726	18.9293	-3.30586	3.13907	0.0882411	0.0991643	0.627364	0.526487
17.0033	19.0909	-3.40074	3.05453	0.0882695	0.0992655	0.625909	0.5246
16.7784	19.224	-3.51651	3.03143	0.0880876	0.0994756	0.624322	0.522877
16.5839	19.3716	-3.69683	2.86265	0.0879103	0.0996203	0.622401	0.521053
16.3367	19.561	-3.86279	2.98451	0.087598	0.099408	0.620293	0.519939
16.1181	19.6309	-4.04662	2.61524	0.0872859	0.0996021	0.618083	0.518114
15.9056	19.7884	-4.08321	2.67592	0.0869817	0.0995408	0.615918	0.516678
15.7096	19.9051	-4.05179	2.64074	0.086675	0.0994945	0.613912	0.515552
15.4669	20.0824	-4.16766	2.75065	0.0864048	0.0991748	0.611839	0.515746
15.2356	20.2271	-4.32841	2.63299	0.0861834	0.0988324	0.609713	0.515915
15.068	20.3574	-4.21264	2.61351	0.0858875	0.0985392	0.607808	0.516837
14.8319	20.434	-4.39411	2.29849	0.0855955	0.0982122	0.605743	0.516337
14.6229	20.5572	-4.37261	2.31217	0.0853057	0.0979676	0.603777	0.516717
14.3759	20.6431	-4.57577	2.03817	0.0850247	0.0977321	0.601737	0.516093
14.1331	20.7195	-4.59716	1.98985	0.0847698	0.0974929	0.599714	0.515895
13.8879	20.7883	-4.74527	1.73603	0.0845579	0.0972447	0.597778	0.514976
13.6069	20.8603	-4.84366	1.71965	0.0846008	0.0970194	0.595957	0.514611
13.3544	20.8876	-5.01125	1.32447	0.0847824	0.096714	0.594502	0.51313
13.1184	20.9251	-4.96301	1.26137	0.0849605	0.096398	0.592833	0.511824
12.8761	20.981	-5.01031	1.13469	0.0851761	0.0960894	0.59123	0.510517
12.7073	21.0164	-4.80194	1.06655	0.0849723	0.0957799	0.58932	0.509404
12.4374	21.0573	-4.96717	0.880675	0.0849021	0.0954764	0.587557	0.508095
12.194	21.1015	-4.95498	0.879411	0.0848454	0.0951934	0.585765	0.507237
11.9471	21.1172	-5.04676	0.625967	0.0848186	0.094902	0.584123	0.505925
11.7188	21.0886	-4.96158	0.498837	0.0847142	0.0946299	0.582339	0.504612
11.4596	21.0721	-5.05457	0.259209	0.0846986	0.0944382	0.5807	0.503087
11.2631	21.0662	-4.90757	0.205639	0.0844804	0.0942938	0.578899	0.501684
10.9915	21.0264	-5.03598	-0.0541046	0.084364	0.094373	0.57724	0.500136
10.8022	20.9889	-4.86637	-0.140381	0.0841074	0.094693	0.575468	0.498619
10.5283	20.9891	-4.94686	-0.117187	0.083904	0.0948988	0.573735	0.497339
10.227	21.0385	-5.10401	0.00646893	0.0839822	0.0947106	0.572276	0.497017
9.96656	21.0198	-5.19367	-0.21526	0.0841866	0.094504	0.571116	0.496209
9.81359	20.9768	-4.91308	-0.30563	0.0839531	0.0943439	0.569421	0.495521
9.56348	20.9643	-4.93094	-0.311255	0.0837364	0.0941095	0.567765	0.495395
9.40387	20.9147	-4.69864	-0.399116	0.0835815	0.0938972	0.566169	0.495428
9.17363	20.8682	-4.76717	-0.668049	0.0834702	0.0936834	0.56451	0.494679
8.85169	20.8521	-4.98505	-0.614189	0.0832402	0.0934107	0.563057	0.494781
8.62684	20.7696	-4.97491	-0.904722	0.0829993	0.0931683	0.561644	0.493992
8.34068	20.6905	-5.05749	-0.961292	0.0828642	0.0929622	0.560535	0.493434
8.0878	20.6121	-5.10848	-1.18624	0.0828033	0.0927837	0.559722	0.492437
7.86032	20.529	-5.02855	-1.23777	0.0827086	0.0926341	0.558726	0.491641
7.62327	20.4447	-5.06275	-1.509	0.0826316	0.0925002	0.557991	0.490388
7.29758	20.3877	-5.25533	-1.45902	0.0832906	0.092278	0.55846	0.489565
7.03378	20.2945	-5.27732	-1.57774	0.0843405	0.0920626	0.559305	0.488693
6.78913	20.2069	-5.22485	-1.59776	0.0855852	0.0918314	0.560034	0.488139
6.53733	20.1168	-5.22287	-1.70483	0.0871646	0.0915863	0.561009	0.487557
6.32012	20.0208	-5.10558	-1.73254	0.0885954	0.0913351	0.56146	0.487298
6.08224	19.9275	-5.09767	-1.88837	0.0902153	0.0910864	0.562125	0.486764
5.84039	19.8305	-5.06298	-1.89519	0.0921214	0.0908604	0.56284	0.486646
5.57331	19.6879	-5.14956	-2.22596	0.0947969	0.090614	0.564492	0.485608
5.45943	19.5545	-4.76822	-2.28764	0.0958562	0.0903691	0.564056	0.484654
5.24124	19.4044	-4.73643	-2.48589	0.0969522	0.090143	0.563697	0.483465
5.05935	19.2989	-4.5982	-2.45852	0.0976987	0.0899021	0.562961	0.482538
4.86416	19.1842	-4.51019	-2.4563	0.0982997	0.0896847	0.562093	0.481908
4.74023	19.0346	-4.23638	-2.51897	0.098288	0.0894585	0.560699	0.48136
4.5075	18.8822	-4.33213	-2.77465	0.0984508	0.089228	0.559616	0.480288
4.35511	18.7503	-4.16537	-2.7699	0.0983512	0.0890233	0.558293	0.479434
4.16562	18.6054	-4.11563	-2.79455	0.0982194	0.0888394	0.556987	0.478756
4.07642	18.4544	-3.80575	-2.82858	0.0980021	0.0886743	0.55557	0.478237
3.86669	18.2787	-3.92515	-3.26774	0.0977604	0.0884772	0.55418	0.477002
3.58627	18.1332	-4.15164	-3.22552	0.0976376	0.0883303	0.55342	0.475845
3.41332	17.9828	-4.04884	-3.13761	0.0974691	0.0882492	0.552512	0.475017
3.18064	17.8165	-4.12673	-3.15242	0.0975025	0.0881922	0.552101	0.474362
2.96287	17.6325	-4.18913	-3.44223	0.0977636	0.0880998	0.552262	0.473212
2.81549	17.5128	-4.03525	-3.35059	0.0978209	0.088332	0.551946	0.472357
2.64111	17.2966	-3.98661	-3.70031	0.0978686	0.0883484	0.551668	0.471182
2.48634	17.1038	-3.86633	-3.71667	0.0978243	0.0883239	0.551127	0.470008
2.30341	16.9383	-3.82449	-3.5355	0.0978408	0.0884156	0.550647	0.469159
2.16543	16.7695	-3.68375	-3.52292	0.0977285	0.0886453	0.549868	0.468518
1.96243	16.5702	-3.73044	-3.56204	0.0977912	0.0888293	0.549473	0.467931
1.82685	16.3426	-3.5855	-3.65312	0.0977262	0.0888285	0.548751	0.467225
1.65212	16.1641	-3.5742	-3.64979	0.0977325	0.0889342	0.54819	0.466701
1.46132	15.999	-3.6094	-3.61819	0.0979361	0.0892825	0.548004	0.466501
1.30143	15.7641	-3.56433	-4.0057	0.0981793	0.0894075	0.547863	0.465413
1.14882	15.541	-3.49222	-4.04671	0.0984312	0.0894335	0.547645	0.464337
0.967038	15.3457	-3.51318	-4.04296	0.0989361	0.0895257	0.547778	0.463323
0.766079	15.1222	-3.5786	-4.08207	0.0999677	0.0895448	0.54856	0.46232
0.609213	14.9404	-3.51931	-3.97811	0.101134	0.0897352	0.549294	0.461634
0.551238	14.734	-3.20003	-3.98515	0.101506	0.0899734	0.548756	0.46105
0.414873	14.4879	-3.13356	-4.30526	0.101863	0.0900265	0.548169	0.459976
0.256425	14.2614	-3.13724	-4.32564	0.102398	0.0900348	0.547784	0.458916
0.0981452	14.0033	-3.13535	-4.66413	0.103152	0.0898988	0.547596	0.458189
0.140408	13.7582	-2.59525	-4.66967	0.102945	0.089713	0.546333	0.4574
0.0157517	13.5115	-2.57885	-4.81817	0.102734	0.0895077	0.545087	0.456956
-0.142673	13.2726	-2.65903	-4.81693	0.102599	0.0893055	0.543965	0.456412
-0.278724	13.0533	-2.67299	-4.66334	0.102506	0.0891026	0.542951	0.455463
-0.236626	12.8422	-2.19658	-4.6061	0.102428	0.0889048	0.54189	0.454443
-0.374087	12.6129	-2.27611	-4.52003	0.102288	0.0887079	0.540693	0.453439
-0.483844	12.3832	-2.26487	-4.52627	0.102171	0.0885124	0.539489	0.452454
-0.623884	12.1699	-2.33845	-4.52221	0.101989	0.0883366	0.538302	0.451503
-0.67986	11.9615	-2.17276	-4.48276	0.101991	0.0882114	0.537119	0.450644
-0.826529	11.7251	-2.27369	-4.56169	0.101861	0.0880788	0.535956	0.44971
-1.02865	11.4767	-2.51513	-4.61106	0.101652	0.0879168	0.535305	0.448754
-1.13691	11.2481	-2.478	-4.51086	0.101446	0.0877689	0.534656	0.447974
-1.30909	11.0226	-2.60998	-4.52011	0.101421	0.0876473	0.534611	0.447217
-1.41225	10.7686	-2.49878	-4.80473	0.101395	0.087489	0.534257	0.446258
-1.52582	10.5116	-2.46849	-4.8326	0.101419	0.0873066	0.533912	0.445312
-1.63769	10.2399	-2.4134	-5.02303	0.101499	0.0871246	0.533481	0.444633
-1.69915	10.0356	-2.24831	-4.92104	0.101421	0.0869464	0.532665	0.443753
-1.78888	9.80475	-2.19069	-4.85513	0.101318	0.0867803	0.531788	0.442814
-1.83395	9.59459	-2.01143	-4.77595	0.101113	0.0866808	0.530698	0.441881
-1.96315	9.33192	-2.06074	-4.97145	0.100966	0.0865316	0.529696	0.441036
-2.03596	9.0353	-1.9823	-5.05079	0.10078	0.086356	0.528634	0.44031
-2.11477	8.8146	-1.94477	-4.89995	0.100578	0.0861749	0.527565	0.439394
-2.20145	8.56637	-1.91619	-4.90221	0.100374	0.0859945	0.526496	0.438482
-2.34404	8.30107	-2.037	-4.99643	0.100264	0.0858278	0.525614	0.437643
-2.36493	8.08168	-1.81073	-4.90707	0.100056	0.0856496	0.524524	0.436738
-2.412	7.87557	-1.67824	-4.83119	0.0998848	0.0855099	0.523475	0.435848
-2.53031	7.62253	-1.77434	-4.86813	0.0996818	0.0853565	0.522397	0.434952
-2.69591	7.37982	-2.03357	-4.77771	0.0995683	0.085207	0.521647	0.434125
-2.80264	7.12659	-2.05018	-4.80789	0.0995169	0.085047	0.520963	0.433278
-2.85877	6.89363	-1.8573	-4.91011	0.0993775	0.0849055	0.519967	0.432396
-2.87545	6.70383	-1.63862	-4.75712	0.0991802	0.084934	0.518941	0.431624
-2.91423	6.4941	-1.56688	-4.56802	0.0990567	0.0851471	0.517983	0.431292
-2.96877	6.26481	-1.50289	-4.55565	0.0990317	0.0854606	0.517116	0.431008
-3.10022	6.005	-1.61771	-4.74212	0.0988779	0.0856793	0.516116	0.430276
-3.19659	5.72047	-1.6726	-4.84887	0.0987071	0.0856971	0.515093	0.429435
-3.3037	5.4697	-1.80374	-4.77957	0.0985154	0.0856933	0.5141	0.428659
-3.41224	5.20207	-1.86097	-4.85347	0.0983218	0.085614	0.513162	0.427825
-3.47819	4.9557	-1.72344	-4.93122	0.098131	0.0855324	0.512151	0.426985
-3.60929	4.65975	-1.85522	-5.07652	0.0979598	0.0853672	0.511207	0.426287
-3.71294	4.40444	-1.97192	-4.99115	0.0978176	0.0852003	0.510417	0.425492
-3.86219	4.118	-2.11053	-5.121	0.0978759	0.0850731	0.509926	0.424899
-3.93617	3.8823	-1.92758	-5.13282	0.0978768	0.0849317	0.509045	0.424346
-3.99302	3.66446	-1.82073	-5.00033	0.0977755	0.0847684	0.508071	0.423589
-4.07521	3.47932	-1.86004	-4.76386	0.0976579	0.0846694	0.507113	0.422831
-4.16604	3.23685	-1.85635	-4.77298	0.0975436	0.084574	0.506151	0.422062
-4.28359	2.97598	-1.98109	-4.81461	0.0975085	0.084443	0.505281	0.421266
-4.38066	2.69187	-1.9888	-4.93028	0.0974932	0.0842828	0.504402	0.420492
-4.46583	2.44446	-1.90564	-4.94615	0.0974522	0.084125	0.503453	0.419744
-4.57397	2.16844	-1.93858	-5.03929	0.0974636	0.0840089	0.502514	0.419145
-4.67443	1.9468	-2.12796	-4.88541	0.0974974	0.0838637	0.501749	0.418376
-4.79985	1.65669	-2.17058	-5.03719	0.0976668	0.0838266	0.501017	0.417828
-4.92129	1.40601	-2.25805	-5.0278	0.0979697	0.0838267	0.50041	0.417292
-4.97281	1.19508	-2.14013	-4.85954	0.0980262	0.083739	0.499562	0.416544
-5.0638	0.996561	-2.07023	-4.71838	0.0980445	0.0835889	0.498646	0.415781
-5.11697	0.779917	-1.97772	-4.62763	0.0979188	0.0834353	0.497745	0.415079
-5.21987	0.453192	-2.06723	-4.9207	0.0977928	0.0834362	0.49683	0.414474
-5.29137	0.220292	-2.01086	-4.86364	0.0976211	0.0834254	0.495963	0.413815
-5.40003	-0.0707358	-1.89549	-5.01293	0.0974517	0.0836786	0.495305	0.413509
-5.46466	-0.29409	-1.849	-4.91678	0.0972836	0.0838674	0.494835	0.413017
-5.58214	-0.456138	-2.01186	-4.67257	0.0971116	0.0837788	0.494113	0.41227
-5.71615	-0.618803	-2.10426	-4.45973	0.0969368	0.0836325	0.49332	0.411651
-5.83243	-0.845845	-2.35379	-4.51217	0.0967635	0.0834899	0.492439	0.410948
-5.93231	-1.12903	-2.29457	-4.68658	0.0965914	0.0833654	0.491568	0.41026
-6.02054	-1.41053	-2.21683	-4.82731	0.0964475	0.08338	0.490806	0.409853
-6.161	-1.60598	-2.29589	-4.69019	0.096283	0.0832979	0.490008	0.409239
-6.3026	-1.85563	-2.58518	-4.81201	0.0961122	0.0832854	0.489174	0.408942
-6.41376	-2.11211	-2.54189	-4.85969	0.0959468	0.0834041	0.488309	0.408884
-6.5662	-2.30313	-2.55371	-4.68013	0.0957792	0.0833935	0.487451	0.408421
-6.71691	-2.50531	-2.61701	-4.58606	0.0956267	0.0833266	0.486596	0.407848
-6.87325	-2.71831	-2.71537	-4.55136	0.0955108	0.0832445	0.485749	0.407278
-6.96028	-3.00402	-2.58603	-4.72338	0.0953446	0.0834169	0.484974	0.407222
-7.08715	-3.23029	-2.53742	-4.67262	0.0951796	0.0836436	0.48434	0.407122
-7.20935	-3.41129	-2.55898	-4.52987	0.0950254	0.0837089	0.483764	0.406735
-7.35178	-3.67648	-2.59307	-4.64564	0.0948723	0.0840529	0.483229	0.406817
-7.51362	-3.78437	-2.73021	-4.30328	0.0947104	0.083964	0.482548	0.406188
-7.65734	-3.99928	-2.8266	-4.34455	0.094551	0.0838921	0.481816	0.405686
-7.80914	-4.23439	-2.83774	-4.38877	0.0943921	0.08391	0.481143	0.405383
-7.95641	-4.46277	-2.85167	-4.41529	0.0942373	0.0840317	0.48054	0.405291
-8.11602	-4.70747	-2.87319	-4.4722	0.0940815	0.0843931	0.480003	0.40558
-8.25171	-4.9112	-2.72175	-4.33326	0.0939489	0.0847854	0.480029	0.405544
-8.37845	-5.1258	-2.70357	-4.33113	0.0938878	0.0853023	0.480326	0.405682
-8.52475	-5.28656	-2.70267	-4.14831	0.0938816	0.0856024	0.480857	0.405414
-8.71379	-5.47808	-2.82374	-4.08908	0.0938133	0.0859064	0.481119	0.405139
-8.87036	-5.68267	-2.88964	-4.10569	0.0937832	0.0863131	0.481342	0.405078
-9.02704	-5.86063	-2.92961	-4.03273	0.0938076	0.0866735	0.481627	0.404977
-9.16381	-6.01322	-2.88345	-3.87776	0.0939983	0.0868674	0.48234	0.404625
-9.34467	-6.09198	-3.02004	-3.57764	0.0941775	0.0867451	0.482705	0.403965
-9.52065	-6.28219	-3.13729	-3.6434	0.0943829	0.0866466	0.482837	0.403422
-9.65637	-6.49817	-3.07621	-3.73537	0.0948697	0.0866659	0.483428	0.40321
-9.88109	-6.66554	-3.36878	-3.75068	0.0951273	0.0866812	0.483181	0.403254
-10.0918	-6.82995	-3.46877	-3.67744	0.0952803	0.0866944	0.482821	0.403291
-10.273	-6.9993	-3.53256	-3.6658	0.0954867	0.0867354	0.482441	0.403545
-10.511	-7.1843	-3.66038	-3.64611	0.0955119	0.0868902	0.481909	0.40402
-10.7118	-7.33263	-3.71785	-3.55696	0.0955278	0.0870181	0.481372	0.404438
-10.9672	-7.49547	-3.87066	-3.49289	0.0954091	0.0872046	0.480692	0.404914
-11.1435	-7.64664	-3.76638	-3.38747	0.0953448	0.0874147	0.480271	0.405284
-11.2904	-7.79805	-3.68805	-3.35997	0.0954827	0.0876718	0.480186	0.405882
-11.4749	-7.93735	-3.69023	-3.28101	0.0957336	0.0879343	0.480252	0.406499
-11.6575	-8.02874	-3.71936	-3.10494	0.0961406	0.088	0.480383	0.406744
-11.8355	-8.15714	-3.61211	-2.97123	0.0967759	0.0880621	0.481122	0.406826
-12.0563	-8.23042	-3.72972	-2.77218	0.0973668	0.087976	0.481556	0.406589
-12.284	-8.37007	-4.01825	-2.89506	0.0978845	0.0879349	0.481222	0.407066
-12.4973	-8.44168	-4.07592	-2.71218	0.0984413	0.0878127	0.480856	0.407202
-12.6851	-8.54597	-3.92223	-2.55194	0.0992398	0.087685	0.481057	0.407129
-12.9799	-8.62158	-4.14906	-2.38563	0.0995647	0.0875493	0.480716	0.406873
-13.2264	-8.73395	-4.30585	-2.39965	0.0997829	0.0874135	0.480151	0.406937
-13.4576	-8.77167	-4.37296	-2.19242	0.0999848	0.0873308	0.479545	0.406697
-13.6486	-8.83801	-4.15279	-1.98098	0.100391	0.087307	0.479493	0.406238
-13.8826	-8.94019	-4.20561	-1.97809	0.100779	0.0872427	0.479385	0.405981
-14.1345	-9.04305	-4.45681	-2.07596	0.101063	0.0871383	0.478809	0.406361
-14.3691	-9.15266	-4.47856	-2.08548	0.101346	0.0870057	0.478247	0.407239
-14.5772	-9.25102	-4.34599	-2.01342	0.101781	0.0868812	0.478004	0.408285
-14.8876	-9.2234	-4.58684	-1.66213	0.101861	0.0868363	0.477374	0.408341
-15.1332	-9.31959	-4.57469	-1.66358	0.101916	0.0867241	0.47679	0.408798
-15.4139	-9.42507	-4.67191	-1.69767	0.101851	0.086599	0.476125	0.409913
-15.6299	-9.48926	-4.44655	-1.53551	0.101853	0.0864898	0.475856	0.410782
-15.9013	-9.55246	-4.55127	-1.48266	0.101779	0.0864144	0.475401	0.411946
-16.1321	-9.59237	-4.47396	-1.33913	0.101731	0.0863466	0.475138	0.412961
-16.4005	-9.5559	-4.60251	-1.06704	0.10163	0.0862186	0.474639	0.413303
-16.5917	-9.5915	-4.45128	-0.993928	0.101659	0.0860904	0.47448	0.413816
-16.9016	-9.53971	-4.66314	-0.709194	0.101537	0.08604	0.473915	0.413756
-17.1414	-9.62207	-4.70733	-0.850448	0.101422	0.0859128	0.473303	0.414672
-17.4223	-9.61716	-4.81474	-0.715239	0.101274	0.0857874	0.472616	0.415511
-17.6604	-9.6376	-4.67691	-0.604149	0.10113	0.085663	0.47204	0.416386
-17.9354	-9.576	-4.78974	-0.360227	0.100984	0.0855735	0.471365	0.416748
-18.157	-9.57297	-4.62208	-0.242554	0.100837	0.0854726	0.470846	0.417121
-18.3619	-9.60465	-4.5638	-0.301166	0.10072	0.0853501	0.470403	0.418271
-18.5824	-9.61935	-4.5922	-0.325275	0.100639	0.0852679	0.469892	0.420203
-18.8536	-9.57993	-4.69224	-0.170684	0.100512	0.0851711	0.469253	0.421929
-19.0673	-9.56785	-4.64595	-0.120725	0.100424	0.0851162	0.468637	0.424062
-19.3444	-9.40683	-4.78665	0.313996	0.100288	0.0850463	0.467963	0.424605
-19.5569	-9.36484	-4.55765	0.456537	0.10018	0.0849661	0.467388	0.425066
-19.838	-9.1997	-4.70411	0.833732	0.100037	0.0852809	0.466718	0.424775
-20.0652	-9.11368	-4.61682	0.981774	0.099896	0.0857432	0.466059	0.424432
-20.2208	-9.26754	-4.41374	0.441961	0.0998677	0.0856391	0.465542	0.426793
-20.4429	-9.25874	-4.3932	0.416908	0.0998624	0.0856718	0.465002	0.430103
-20.6905	-9.12171	-4.48024	0.720452	0.0998095	0.0855738	0.464358	0.432171
-20.9191	-9.06889	-4.37499	0.815216	0.099752	0.0855314	0.46375	0.434361
-21.1298	-8.97392	-4.37422	0.949851	0.099726	0.0854785	0.463115	0.436428
-21.3484	-8.917	-4.25016	1.02533	0.099707	0.085533	0.462531	0.438722
-21.549	-8.8729	-4.22537	1.00311	0.0997395	0.0858357	0.461924	0.441885
-21.7194	-8.77566	-3.88972	1.21664	0.0999408	0.0861909	0.461746	0.444361
-21.9385	-8.65641	-3.95184	1.37355	0.100113	0.0865101	0.46132	0.446547
-22.1398	-8.5675	-4.0108	1.40983	0.100319	0.0869985	0.460741	0.449171
-22.3986	-8.42407	-4.13984	1.61485	0.100332	0.0873698	0.460111	0.451199
-22.5729	-8.34206	-3.92837	1.66048	0.100437	0.0880382	0.459497	0.453576
-22.8558	-8.02318	-4.147	2.29218	0.100332	0.0879421	0.458993	0.453611
-23.0288	-7.91186	-3.78062	2.37074	0.100264	0.0878966	0.458382	0.453724
-23.283	-7.68852	-3.92513	2.66015	0.100127	0.0877772	0.457816	0.453387
-23.4781	-7.54352	-3.94136	2.68651	0.0999903	0.0876572	0.457367	0.453206
-23.6539	-7.40014	-3.90328	2.70404	0.0998547	0.0875394	0.456997	0.453235
-23.8362	-7.24797	-3.76728	2.77816	0.099719	0.087426	0.456553	0.453328
-23.9989	-7.17313	-3.70811	2.6049	0.0995866	0.0874943	0.45616	0.454413
-24.1547	-7.01474	-3.45051	2.72815	0.0994624	0.0876046	0.455581	0.455354
-24.3426	-6.7122	-3.50754	3.16399	0.0993285	0.087487	0.455176	0.455161
-24.4962	-6.56528	-3.21886	3.18983	0.0991964	0.08738	0.454581	0.455118
-24.5924	-6.43925	-3.09373	3.08633	0.0991274	0.0873708	0.453979	0.455666
-24.7208	-6.27601	-2.91852	3.1338	0.0991041	0.0874337	0.453373	0.456341
-24.9266	-6.02585	-3.04261	3.39243	0.0989828	0.0873551	0.452897	0.456413
-25.0467	-5.83636	-2.84993	3.46709	0.0988811	0.087287	0.45234	0.456489
-25.1911	-5.65521	-2.85431	3.48792	0.0987678	0.0872553	0.451907	0.456721
-25.3341	-5.4805	-2.80204	3.49948	0.0986432	0.0872999	0.451568	0.457146
-25.5006	-5.22104	-2.85995	3.72682	0.0985199	0.0872221	0.451615	0.457093
-25.6177	-5.06248	-2.75357	3.65716	0.0983973	0.087261	0.451685	0.457429
-25.7443	-4.89029	-2.73225	3.62685	0.0982881	0.0874483	0.452045	0.458087
-25.8543	-4.70181	-2.53181	3.66597	0.0981849	0.0877614	0.452149	0.458814
-25.9861	-4.41985	-2.54978	3.92669	0.0981345	0.0878138	0.452696	0.45886
-26.0867	-4.23062	-2.0857	3.9629	0.0981003	0.0879821	0.45234	0.458949
-26.1919	-3.89374	-2.09697	4.32889	0.0981112	0.0878772	0.452253	0.458439
-26.2581	-3.68337	-1.68292	4.3481	0.0980853	0.0877882	0.451713	0.457959
-26.2922	-3.3895	-1.59547	4.54204	0.0979874	0.0876834	0.451205	0.457373
-26.3338	-3.16122	-1.29259	4.56334	0.0978664	0.0875775	0.450624	0.456796
-26.3631	-2.91731	-1.22896	4.59984	0.0977427	0.0874815	0.450051	0.45622
-26.4114	-2.70274	-1.0863	4.56655	0.0976228	0.0873723	0.449476	0.455683
-26.4939	-2.57583	-1.13611	4.30161	0.0974999	0.087391	0.449024	0.455605
-26.5397	-2.35008	-1.01721	4.33625	0.0973784	0.087442	0.448584	0.455505
-26.6026	-2.14795	-1.0389	4.29882	0.0972764	0.0876217	0.448392	0.455553
-26.6232	-1.92214	-0.872336	4.33077	0.0971656	0.0878568	0.448125	0.455566
-26.637	-1.63858	-0.818013	4.50506	0.0970482	0.0879232	0.448011	0.455242
-26.6255	-1.43253	-0.406634	4.45973	0.0969265	0.0881164	0.447483	0.455024
-26.639	-1.1831	-0.393806	4.52925	0.0968048	0.0882745	0.447071	0.454697
-26.6599	-0.973074	-0.234847	4.48836	0.0966844	0.0885679	0.446623	0.454452
-26.6828	-0.686464	-0.252584	4.65434	0.0965785	0.0886731	0.446399	0.453972
-26.6635	-0.451887	0.113835	4.65753	0.0964645	0.088803	0.445873	0.453489
-26.6256	-0.106636	0.178329	4.95367	0.0963441	0.0887024	0.445396	0.452966
-26.5982	0.134621	0.440428	4.93025	0.096225	0.0886022	0.444845	0.452435
-26.5825	0.459503	0.435209	5.13856	0.0961057	0.0885382	0.444367	0.452169
-26.5588	0.707593	0.530652	5.11049	0.0959887	0.0884882	0.443919	0.451879
-26.5632	1.00071	0.478686	5.21111	0.0959108	0.0885766	0.443747	0.451829
-26.5099	1.28413	0.583948	5.26912	0.0958226	0.0888412	0.443612	0.451979
-26.4692	1.49828	0.598699	5.13825	0.0957496	0.0890062	0.443737	0.45186
-26.4199	1.7069	0.786742	4.99473	0.0956903	0.0890738	0.44369	0.451524
-26.3803	1.89138	0.778319	4.82184	0.0956796	0.0890193	0.443987	0.451023
-26.3041	2.11787	1.10288	4.75783	0.0956537	0.0889539	0.443773	0.450503
-26.2531	2.28718	1.0853	4.57617	0.0956878	0.0888461	0.443863	0.449959
-26.1814	2.50847	1.19467	4.54758	0.0957486	0.0887413	0.443968	0.449416
-26.1103	2.76589	1.21989	4.6273	0.0958591	0.0886366	0.444327	0.448891
-26.0102	2.9837	1.64754	4.54543	0.0959439	0.0885301	0.443971	0.448354
-25.906	3.29733	1.70188	4.77441	0.0960089	0.0885487	0.443703	0.448082
-25.8147	3.53351	1.87126	4.74357	0.0961121	0.0886078	0.443344	0.447838
-25.7169	3.71869	1.86915	4.60664	0.0962525	0.0885804	0.443167	0.447458
-25.5934	3.92421	2.10065	4.5115	0.0963597	0.0885314	0.442787	0.447027
-25.538	4.07996	1.99557	4.32428	0.0967286	0.0884262	0.442791	0.446504
-25.4085	4.27712	2.21644	4.2445	0.0970703	0.0883218	0.442547	0.445976
-25.2493	4.51658	2.31079	4.31996	0.0972802	0.0882237	0.442314	0.445522
-25.0883	4.71792	2.43885	4.27553	0.0973917	0.0881234	0.442029	0.445083
-24.9805	4.91003	2.40795	4.21735	0.0976185	0.0880198	0.441991	0.444648
-24.8146	5.10643	2.65469	4.14708	0.0977608	0.0879161	0.441668	0.444205
-24.6493	5.33816	2.72066	4.21441	0.0978466	0.0878322	0.441384	0.44393
-24.4687	5.52526	3.083	4.08794	0.0978558	0.0877424	0.440868	0.443567
-24.2864	5.69457	3.12592	3.99973	0.0978119	0.0876411	0.440364	0.443176
-24.1141	5.85923	3.35946	3.85283	0.0977501	0.0875406	0.439866	0.442711
-23.947	6.01183	3.34685	3.74838	0.0976869	0.0874634	0.439353	0.442224
-23.7892	6.21158	3.20411	3.81501	0.0976448	0.0873692	0.438993	0.441863
-23.6391	6.35836	3.1728	3.69917	0.0976538	0.0873064	0.438805	0.44145
-23.4789	6.53858	3.26847	3.65918	0.097709	0.0872346	0.438584	0.441074
-23.2512	6.79523	3.4103	3.86051	0.0976593	0.0871549	0.438257	0.44122
-23.0436	6.94689	3.60221	3.71526	0.0975772	0.087063	0.437805	0.441189
-22.8382	7.1176	3.64498	3.68075	0.0974788	0.0869779	0.437376	0.441248
-22.6124	7.27066	3.94033	3.53254	0.0973669	0.0868884	0.436883	0.441142
-22.4422	7.39075	3.87096	3.38198	0.0972635	0.0867896	0.436398	0.440896
-22.1977	7.54225	4.28763	3.23047	0.0971569	0.0866911	0.436102	0.440541
-22.0238	7.6843	4.20425	3.17251	0.097047	0.0865943	0.435651	0.440209
-21.8223	7.87728	4.14165	3.28189	0.0969383	0.0865135	0.435156	0.440211
-21.6294	8.00122	4.10064	3.17618	0.0968367	0.0864209	0.434682	0.440147
-21.4276	8.14537	4.18222	3.10023	0.096742	0.0863336	0.434199	0.440082
-21.2313	8.13916	4.09945	2.6865	0.096665	0.0863955	0.433808	0.439599
-21.0252	8.30509	4.0329	2.80143	0.0966013	0.0863681	0.433572	0.43928
-20.8629	8.44941	3.95883	2.80335	0.0966558	0.0863088	0.433576	0.439082
-20.6018	8.58463	4.36504	2.68275	0.0966183	0.0862328	0.433105	0.438811
-20.3516	8.72321	4.42847	2.70157	0.0965402	0.0861409	0.432628	0.438704
-20.1412	8.86353	4.35636	2.73624	0.0964826	0.0860454	0.432222	0.438843
-19.9637	8.93997	4.25415	2.57401	0.0965297	0.0859583	0.431998	0.438778
-19.756	9.06098	4.2443	2.55148	0.0966397	0.0858644	0.431861	0.438826
-19.5526	9.11509	4.19765	2.36478	0.0968456	0.0858155	0.4319	0.438642
-19.2937	9.24257	4.48114	2.31175	0.0969607	0.0857333	0.431526	0.438493
-19.0039	9.33684	4.6017	2.27603	0.0969352	0.0856525	0.431084	0.438413
-18.7782	9.42862	4.68846	2.16425	0.096932	0.085572	0.430618	0.438256
-18.5251	9.52473	4.7204	2.13934	0.0968989	0.0854861	0.430154	0.438186
-18.2452	9.57461	5.04207	1.86768	0.0968109	0.085439	0.42982	0.437808
-17.9401	9.70944	5.16591	1.98552	0.0967113	0.0853461	0.429624	0.437706
-17.6761	9.82233	5.0925	2.07378	0.0966289	0.0852628	0.429288	0.437967
-17.409	9.91875	5.11452	2.05965	0.0965769	0.085201	0.42895	0.438374
-17.142	10.0172	5.23175	1.99351	0.0965648	0.0851828	0.428743	0.438776
-16.879	10.1255	5.23843	2.01499	0.0965904	0.0852628	0.428512	0.439445
-16.6057	10.2124	5.33389	1.93423	0.0966868	0.0854126	0.42841	0.440052
-16.3794	10.2903	5.24199	1.87593	0.0967227	0.08562	0.428128	0.440667
-16.1036	10.378	5.37329	1.79475	0.0968328	0.0859479	0.42803	0.441212
-15.9058	10.3575	5.1734	1.50659	0.096812	0.0859971	0.427637	0.441161
-15.6475	10.4297	5.19158	1.48447	0.096806	0.0861015	0.427246	0.441187
-15.4658	10.3839	4.97112	1.17113	0.0967088	0.0860202	0.426801	0.440808
-15.1465	10.4296	5.35418	0.9938	0.0966971	0.085938	0.426567	0.44035
-14.8935	10.4706	5.31925	0.96825	0.0966855	0.0858537	0.426269	0.439906
-14.6482	10.5029	5.12557	1.02754	0.0966579	0.085765	0.42582	0.439548
-14.4333	10.4492	4.98611	0.763619	0.0965758	0.08575	0.425396	0.439081
-14.1624	10.479	5.10091	0.695509	0.0965122	0.0857495	0.424946	0.438617
-13.834	10.6555	5.32707	1.05657	0.0966024	0.0856983	0.424611	0.438523
-13.5681	10.7213	5.26837	1.13993	0.0967225	0.0857082	0.424216	0.438714
-13.3433	10.7044	5.14745	0.953771	0.0967553	0.0856413	0.42377	0.438599
-13.0663	10.7383	5.29136	0.836446	0.0968417	0.085582	0.423383	0.438363
-12.8162	10.8299	5.28597	0.946994	0.0969087	0.0856573	0.422989	0.438406
-12.5359	10.8901	5.3523	0.960974	0.0970428	0.0858526	0.422647	0.438574
-12.3331	10.8314	5.15355	0.693028	0.0970343	0.0858273	0.422206	0.438307
-12.0693	10.869	5.16631	0.704338	0.0970381	0.0858376	0.421766	0.438111
-11.8302	10.9305	5.13793	0.757695	0.0970054	0.0859671	0.421329	0.438073
-11.5379	10.9594	5.2758	0.687828	0.0970429	0.0861394	0.420919	0.437967
-11.3297	10.9584	5.13258	0.588182	0.0969852	0.0862591	0.420487	0.437748
-11.0505	10.9066	5.46427	0.0765967	0.0969597	0.086224	0.420254	0.437361
-10.754	10.8687	5.49422	-0.00883977	0.0970161	0.0861388	0.42006	0.437028
-10.4907	10.8702	5.446	0.0162197	0.0970831	0.0860512	0.419796	0.436647
-10.2736	10.8499	5.30885	-0.0503054	0.0970568	0.0859675	0.419401	0.436305
-10.0219	10.9014	5.12388	0.271819	0.0970177	0.0858864	0.418981	0.435899
-9.76447	10.9561	5.14906	0.363092	0.0969756	0.085861	0.418557	0.435594
-9.54092	10.9275	5.10388	0.174572	0.0968915	0.0857909	0.418149	0.435163
-9.281	10.9588	5.12723	0.225467	0.0968079	0.085754	0.417734	0.434768
-9.03807	10.9328	5.09844	0.10885	0.0967141	0.0856819	0.417332	0.434331
-8.77053	10.9702	5.14558	0.182093	0.0966247	0.0856531	0.416915	0.433931
-8.53738	10.9196	5.09464	-0.00933644	0.0965269	0.0855699	0.416519	0.433497
-8.41345	10.8207	4.72935	-0.26252	0.0966167	0.0855651	0.416631	0.433254
-8.16108	10.8292	4.76408	-0.189205	0.0967277	0.0855466	0.416669	0.432917
-7.77955	10.9042	5.15254	0.0386998	0.0966344	0.0854606	0.416255	0.432483
-7.51129	10.9031	5.14932	0.0779048	0.0965387	0.0853748	0.415843	0.432061
-7.23246	10.8959	5.19534	0.0613839	0.0964425	0.0852905	0.415426	0.431636
-2.66434e+10	5.59222e+10	-5.83907	11.1156	1.19153e+09	2.50092e+09	0.417603	0.658011
0.218967	0.68615	-1093.35	4.07209	1.19034e+09	2.49842e+09	48.6345	0.682005
34.3338	75.0022	10.1065	1452.81	1.18915e+09	2.49593e+09	48.5905	64.8454
-0.378464	0.561717	157450	2540.84	1.18797e+09	2.49345e+09	7020.73	130.503
-1.36234	119.495	923.645	2310.35	1.18679e+09	2.49097e+09	7013.89	166.096
-0.888478	-2.2376	-6546.39	1140.64	1.18562e+09	2.4885e+09	7012.98	173.521
-432.091	-365.255	-8489.81	-1462.21	1.18445e+09	2.48604e+09	7016.2	185.137
-201.805	-45.6289	-3601.46	319.418	1.18328e+09	2.48359e+09	7011.09	185.497
-2014.23	-4236.52	-18662.6	-13015.6	1.18211e+09	2.48115e+09	7052.94	606.481
-388.814	-478.711	-3359.2	-703.082	1.18095e+09	2.47871e+09	7047.57	606.686
-382.557	-682.115	-2999.26	-28.0088	1.17979e+09	2.47628e+09	7041.91	606.092
-314.532	-270.123	-2097.98	577.822	1.17864e+09	2.47385e+09	7035.63	606.038
-293.048	-303.537	-1373.03	449.661	1.17748e+09	2.47143e+09	7029.01	605.772
-261.766	-138.923	-1089.87	637.408	1.17634e+09	2.46902e+09	7022.32	605.835
-245.6	-132.484	-648.346	486.689	1.17519e+09	2.46662e+09	7015.54	605.625
-213.098	-49.4814	-492.046	535.288	1.17405e+09	2.46423e+09	7008.76	605.496
-199.731	-42.7766	-272.79	410.836	1.17291e+09	2.46184e+09	7001.98	605.179
-167.465	0.167409	-175.406	405.262	1.17178e+09	2.45945e+09	6995.21	604.856
-157.096	6.5011	-77.8927	325.522	1.17065e+09	2.45708e+09	6988.45	604.441
-128.5	27.5575	-17.6404	300.847	1.16952e+09	2.45471e+09	6981.72	604.002
-119.793	33.3108	23.5915	252.199	1.16839e+09	2.45235e+09	6975	603.522
-95.9875	42.2853	60.2001	223.074	1.16727e+09	2.45e+09	6968.3	603.022
-87.9576	47.1152	77.1347	193.152	1.16615e+09	2.44765e+09	6961.63	602.503
-69.0238	49.152	97.5151	164.569	1.16504e+09	2.44531e+09	6954.97	601.969
-61.5038	52.6044	104.161	144.312	1.16392e+09	2.44297e+09	6948.33	601.427
-46.7842	50.9391	113.813	118.906	1.16281e+09	2.44064e+09	6941.71	600.876
-40.0371	52.7531	115.265	102.363	1.16171e+09	2.43832e+09	6935.11	600.321
-28.9407	48.9823	117.272	80.6852	1.16061e+09	2.43601e+09	6928.53	599.762
-23.1292	49.4936	115.21	66.8591	1.15951e+09	2.4337e+09	6921.97	599.2
-15.2871	44.6711	111.408	49.282	1.15841e+09	2.4314e+09	6915.43	598.637
-10.6345	44.2286	106.631	37.5375	1.15732e+09	2.4291e+09	6908.9	598.075
-5.35464	39.1001	99.5203	24.0476	1.15623e+09	2.42682e+09	6902.39	597.512
-1.76231	38.1475	93.2475	15.1197	1.15514e+09	2.42453e+09	6895.91	596.95
1.35477	33.0825	83.9839	5.29638	1.15406e+09	2.42226e+09	6889.43	596.39
4.12353	31.8932	77.7503	-0.551259	1.15297e+09	2.41999e+09	6882.98	595.832
5.48774	27.2328	67.3694	-7.05804	1.1519e+09	2.41773e+09	6876.55	595.275
7.58591	26.0715	62.207	-9.9752	1.15082e+09	2.41547e+09	6870.13	594.719
7.59116	22.0324	51.4729	-13.6497	1.14975e+09	2.41322e+09	6863.73	594.166
9.01965	21.0828	47.4062	-14.2602	1.14868e+09	2.41098e+09	6857.35	593.613
8.03435	17.7652	36.9182	-15.7133	1.14761e+09	2.40874e+09	6850.98	593.063
9.06666	17.1456	35.0443	-13.9914	1.14655e+09	2.40651e+09	6844.64	592.514
7.41236	14.4816	24.9558	-14.0366	1.14549e+09	2.40428e+09	6838.31	591.967
7.92321	14.4315	24.1536	-10.3557	1.14443e+09	2.40206e+09	6832	591.42
5.76374	12.4907	14.4435	-9.33518	1.14338e+09	2.39985e+09	6825.7	590.876
5.66538	13.0576	13.6045	-4.15505	1.14233e+09	2.39764e+09	6819.43	590.332
3.28003	11.5347	4.49392	-3.4551	1.14128e+09	2.39544e+09	6813.17	589.791
2.26826	12.5614	1.75821	2.25926	1.14023e+09	2.39325e+09	6806.93	589.25
-0.470475	11.252	-7.21939	1.7863	1.13919e+09	2.39106e+09	6800.7	588.711
-1.878	11.632	-10.4116	3.14437	1.13815e+09	2.38888e+09	6794.49	588.174
-4.61782	10.1645	-17.8878	0.261338	1.13711e+09	2.3867e+09	6788.3	587.638
-5.61491	9.88386	-17.4396	-1.74402	1.13608e+09	2.38453e+09	6782.13	587.104
-7.98188	8.21366	-22.1692	-6.16112	1.13505e+09	2.38237e+09	6775.97	586.571
-8.61514	7.79691	-18.7952	-7.7582	1.13402e+09	2.38021e+09	6769.83	586.039
-10.3391	6.21226	-20.8315	-11.5728	1.13299e+09	2.37805e+09	6763.71	585.51
-10.7863	5.75103	-16.5587	-12.0089	1.13197e+09	2.37591e+09	6757.6	584.981
-11.894	4.54773	-17.0836	-13.957	1.13095e+09	2.37376e+09	6751.51	584.454
-12.2561	4.07869	-13.4507	-13.5756	1.12993e+09	2.37163e+09	6745.44	583.929
-12.9432	3.40585	-13.477	-13.5708	1.12892e+09	2.3695e+09	6739.38	583.405
-13.2274	2.92054	-10.6273	-13.0786	1.12791e+09	2.36737e+09	6733.34	582.882
-13.6662	2.72328	-10.5901	-11.7161	1.1269e+09	2.36526e+09	6727.31	582.361
-13.9765	2.334	-8.76797	-11.1902	1.12589e+09	2.36314e+09	6721.3	581.841
-14.3091	2.50883	-8.76698	-9.07428	1.12489e+09	2.36104e+09	6715.31	581.323
-14.5693	2.21379	-7.3938	-8.65551	1.12389e+09	2.35893e+09	6709.33	580.805
-14.8174	2.69382	-7.33349	-6.08238	1.12289e+09	2.35684e+09	6703.37	580.289
-15.1007	2.50272	-6.54247	-5.82315	1.12189e+09	2.35475e+09	6697.43	579.775
-15.2865	3.14556	-6.34225	-3.22453	1.1209e+09	2.35266e+09	6691.5	579.262
-15.5312	3.05685	-5.82156	-3.06719	1.11991e+09	2.35058e+09	6685.58	578.75
-15.6274	3.67106	-5.4208	-0.923652	1.11892e+09	2.34851e+09	6679.68	578.239
-15.837	3.66258	-5.06841	-0.849799	1.11793e+09	2.34644e+09	6673.8	577.73
-15.9355	4.29615	-4.67839	1.00219	1.11695e+09	2.34438e+09	6667.93	577.222
-16.1131	4.40477	-4.32152	1.11227	1.11597e+09	2.34232e+09	6662.08	576.716
-16.2078	4.86055	-4.00168	2.20658	1.11499e+09	2.34027e+09	6656.25	576.21
-16.3799	4.97495	-3.93175	2.22548	1.11402e+09	2.33822e+09	6650.42	575.707
-16.413	5.43382	-3.52339	3.18982	1.11305e+09	2.33618e+09	6644.62	575.204
-16.5701	5.59675	-3.38567	3.16912	1.11208e+09	2.33415e+09	6638.83	574.703
-16.6169	6.04713	-3.0582	3.96197	1.11111e+09	2.33212e+09	6633.05	574.203
-16.7432	6.20236	-2.92543	3.82326	1.11014e+09	2.33009e+09	6627.29	573.704
-16.8342	6.52699	-2.77199	4.18145	1.10918e+09	2.32807e+09	6621.55	573.207
-16.976	6.75859	-2.81274	4.2564	1.10822e+09	2.32606e+09	6615.82	572.711
-17.1269	7.08294	-2.79271	4.53308	1.10726e+09	2.32405e+09	6610.1	572.216
-17.2304	7.31511	-2.54454	4.47982	1.10631e+09	2.32204e+09	6604.4	571.722
-17.2924	7.63505	-2.38063	4.74268	1.10536e+09	2.32004e+09	6598.71	571.23
-17.4123	7.85163	-2.41983	4.70442	1.10441e+09	2.31805e+09	6593.04	570.739
-17.5223	8.00711	-2.42915	4.5088	1.10346e+09	2.31606e+09	6587.39	570.249
-17.6163	8.25046	-2.26788	4.51436	1.10251e+09	2.31408e+09	6581.74	569.761
-17.7491	8.48086	-2.30448	4.51992	1.10157e+09	2.3121e+09	6576.12	569.274
-17.8223	8.66974	-2.05215	4.34588	1.10063e+09	2.31012e+09	6570.5	568.788
-17.8758	8.96773	-1.92254	4.56233	1.09969e+09	2.30816e+09	6564.9	568.303
-17.9446	9.20019	-1.67246	4.47888	1.09876e+09	2.30619e+09	6559.32	567.82
-17.9376	9.53137	-1.44788	4.77327	1.09782e+09	2.30423e+09	6553.75	567.338
-17.9949	9.77916	-1.33572	4.75715	1.09689e+09	2.30228e+09	6548.19	566.857
-18.0837	9.99298	-1.39022	4.69095	1.09596e+09	2.30033e+09	6542.65	566.377
-18.1735	10.1836	-1.38141	4.53412	1.09504e+09	2.29839e+09	6537.12	565.898
-18.171	10.4634	-1.21359	4.68739	1.09411e+09	2.29645e+09	6531.61	565.421
-18.254	10.7011	-1.36639	4.75401	1.09319e+09	2.29451e+09	6526.11	564.945
-18.3265	10.8765	-1.4024	4.60073	1.09227e+09	2.29259e+09	6520.62	564.47
-18.3794	11.0858	-1.19609	4.44333	1.09136e+09	2.29066e+09	6515.15	563.996
-18.3434	11.4944	-0.918168	4.92802	1.09044e+09	2.28874e+09	6509.69	563.523
-18.3849	11.7327	-0.827333	4.85326	1.08953e+09	2.28683e+09	6504.24	563.052
-18.4189	11.9807	-0.809773	4.86875	1.08862e+09	2.28492e+09	6498.81	562.582
-18.4542	12.2192	-0.828612	4.87724	1.08771e+09	2.28301e+09	6493.39	562.113
-18.4922	12.4952	-0.806732	4.95522	1.08681e+09	2.28111e+09	6487.99	561.645
-18.5049	12.743	-0.592408	4.85451	1.08591e+09	2.27922e+09	6482.6	561.178
-18.5058	13.043	-0.505796	5.00087	1.085e+09	2.27733e+09	6477.22	560.713
-18.5051	13.2375	-0.20855	4.67777	1.08411e+09	2.27544e+09	6471.86	560.248
-18.4292	13.5683	0.018749	4.93726	1.08321e+09	2.27356e+09	6466.51	559.785
-18.4165	13.8309	0.133725	4.91527	1.08232e+09	2.27168e+09	6461.17	559.323
-18.369	14.109	0.235785	5.00543	1.08142e+09	2.26981e+09	6455.84	558.862
-18.3378	14.3472	0.467134	4.82624	1.08053e+09	2.26794e+09	6450.53	558.403
-18.2897	14.5759	0.514119	4.80598	1.07965e+09	2.26608e+09	6445.24	557.944
-18.235	14.7997	0.812492	4.57371	1.07876e+09	2.26422e+09	6439.95	557.486
-18.1264	15.1011	0.994229	4.76636	1.07788e+09	2.26237e+09	6434.68	557.03
-18.0651	15.3546	1.00903	4.82233	1.077e+09	2.26052e+09	6429.42	556.575
-17.9854	15.6088	1.07896	4.86285	1.07612e+09	2.25868e+09	6424.17	556.121
-17.9162	15.8233	1.13877	4.76571	1.07524e+09	2.25684e+09	6418.94	555.667
-17.8228	16.0714	1.22356	4.80138	1.07437e+09	2.255e+09	6413.72	555.216
-17.7923	16.3066	1.10311	4.82556	1.07349e+09	2.25317e+09	6408.51	554.765
-17.6195	16.5985	1.38772	4.98281	1.07262e+09	2.25134e+09	6403.31	554.315
-17.4956	16.7727	1.80441	4.50302	1.07176e+09	2.24952e+09	6398.13	553.866
-17.3772	17.0297	1.88294	4.5846	1.07089e+09	2.2477e+09	6392.96	553.419
-17.2489	17.2086	2.2328	4.17583	1.07003e+09	2.24589e+09	6387.8	552.972
-17.0776	17.5069	2.41075	4.39622	1.06916e+09	2.24408e+09	6382.66	552.527
-16.9306	17.6895	2.58365	4.18076	1.0683e+09	2.24228e+09	6377.53	552.082
-16.7962	17.9146	2.60328	4.21783	1.06745e+09	2.24047e+09	6372.41	551.639
-16.6447	18.1058	2.72111	4.09382	1.06659e+09	2.23868e+09	6367.3	551.197
-16.4834	18.2622	2.75489	3.99741	1.06574e+09	2.23689e+09	6362.2	550.756
-16.3473	18.4493	2.77826	3.92959	1.06489e+09	2.2351e+09	6357.12	550.316
-16.1586	18.6823	2.91035	4.02644	1.06404e+09	2.23332e+09	6352.05	549.877
-15.9832	18.8558	3.12759	3.77941	1.06319e+09	2.23154e+09	6346.99	549.439
-15.7647	19.1194	3.30776	3.96174	1.06234e+09	2.22976e+09	6341.94	549.002
-15.5849	19.278	3.49597	3.6575	1.0615e+09	2.22799e+09	6336.9	548.566
-15.3941	19.4995	3.55203	3.74528	1.06066e+09	2.22623e+09	6331.88	548.131
-15.1943	19.6445	3.77013	3.41215	1.05982e+09	2.22446e+09	6326.87	547.697
-14.9556	19.873	3.91613	3.55137	1.05898e+09	2.22271e+09	6321.87	547.265
-14.782	20.0104	3.96752	3.28222	1.05815e+09	2.22095e+09	6316.88	546.833
-14.6532	20.1353	3.78382	3.1772	1.05731e+09	2.2192e+09	6311.91	546.402
-14.4631	20.2638	3.81546	3.04923	1.05648e+09	2.21746e+09	6306.94	545.972
-14.196	20.4601	4.01801	3.16559	1.05565e+09	2.21572e+09	6301.99	545.544
-13.9732	20.5736	4.19685	2.85363	1.05482e+09	2.21398e+09	6297.05	545.116
-13.7819	20.7223	4.15518	2.86004	1.054e+09	2.21225e+09	6292.12	544.689
-13.5591	20.8261	4.31074	2.56374	1.05317e+09	2.21052e+09	6287.2	544.263
-13.2983	20.9728	4.42853	2.61586	1.05235e+09	2.20879e+09	6282.3	543.839
-13.0441	21.0815	4.58219	2.44076	1.05153e+09	2.20707e+09	6277.4	543.415
-12.7653	21.2459	4.72227	2.54199	1.05071e+09	2.20536e+09	6272.52	542.992
-12.5278	21.356	4.76394	2.42569	1.0499e+09	2.20364e+09	6267.65	542.571
-12.2419	21.5025	4.89197	2.49039	1.04908e+09	2.20193e+09	6262.79	542.15
-11.965	21.5786	5.08801	2.14329	1.04827e+09	2.20023e+09	6257.94	541.73
-11.7967	21.6741	4.87039	2.09617	1.04746e+09	2.19853e+09	6253.1	541.311
-11.5382	21.7495	4.98326	1.86762	1.04665e+09	2.19683e+09	6248.27	540.893
-11.269	21.7984	5.01406	1.78488	1.04585e+09	2.19514e+09	6243.46	540.477
-11.0261	21.8634	5.04567	1.60606	1.04504e+09	2.19345e+09	6238.65	540.061
-10.8197	21.8775	4.90375	1.46388	1.04424e+09	2.19176e+09	6233.86	539.646
-10.5519	21.915	5.07183	1.12643	1.04344e+09	2.19008e+09	6229.08	539.232
-10.2706	21.9644	5.13841	1.11996	1.04264e+09	2.1884e+09	6224.3	538.819
-9.99931	21.9714	5.23583	0.840828	1.04184e+09	2.18673e+09	6219.54	538.407
-9.75309	22.0023	5.19221	0.815471	1.04105e+09	2.18506e+09	6214.79	537.995
-9.4843	22.0019	5.29163	0.512664	1.04025e+09	2.18339e+09	6210.06	537.585
-9.27799	22.0383	5.14819	0.520195	1.03946e+09	2.18173e+09	6205.33	537.176
-9.0128	22.0227	5.23735	0.222717	1.03867e+09	2.18007e+09	6200.61	536.768
-8.71006	22.0558	5.34947	0.273821	1.03788e+09	2.17842e+09	6195.9	536.36
-8.44044	22.0317	5.46703	-0.146468	1.03709e+09	2.17677e+09	6191.21	535.954
-8.13686	22.049	5.55313	-0.0934176	1.03631e+09	2.17512e+09	6186.52	535.548
-7.84039	22.0419	5.64683	-0.230072	1.03553e+09	2.17348e+09	6181.85	535.143
-7.62679	22.034	5.47136	-0.235795	1.03475e+09	2.17184e+09	6177.19	534.74
-7.35586	21.9778	5.54933	-0.639395	1.03397e+09	2.1702e+09	6172.53	534.337
-7.14834	21.9419	5.36743	-0.65858	1.03319e+09	2.16857e+09	6167.89	533.935
-6.86645	21.8902	5.43659	-0.82651	1.03241e+09	2.16694e+09	6163.26	533.534
-6.73575	21.8207	5.06205	-0.901741	1.03164e+09	2.16532e+09	6158.64	533.134
-6.51194	21.7761	4.97966	-0.886702	1.03087e+09	2.16369e+09	6154.02	532.735
-6.36571	21.7226	4.71007	-0.919581	1.03009e+09	2.16208e+09	6149.42	532.336
-6.1133	21.6539	4.74936	-0.965881	1.02933e+09	2.16046e+09	6144.83	531.939
-5.86502	21.6228	4.78267	-0.932213	1.02856e+09	2.15885e+09	6140.25	531.542
-5.6311	21.5362	4.84267	-1.35768	1.02779e+09	2.15725e+09	6135.68	531.147
-5.32538	21.4977	5.017	-1.29476	1.02703e+09	2.15564e+09	6131.12	530.752
-5.02789	21.4198	5.16599	-1.44323	1.02627e+09	2.15404e+09	6126.57	530.358
-4.80537	21.3716	5.07856	-1.40305	1.02551e+09	2.15245e+09	6122.03	529.965
-4.57059	21.2841	5.0187	-1.41516	1.02475e+09	2.15085e+09	6117.5	529.573
-4.25512	21.2975	5.20924	-1.25473	1.02399e+09	2.14926e+09	6112.98	529.182
-3.97295	21.2187	5.28968	-1.43659	1.02324e+09	2.14768e+09	6108.47	528.791
-3.8819	21.0903	4.81888	-1.55159	1.02248e+09	2.1461e+09	6103.97	528.402
-3.63847	20.946	4.87438	-2.08033	1.02173e+09	2.14452e+09	6099.48	528.013
-3.39243	20.792	4.86981	-2.17147	1.02098e+09	2.14294e+09	6095	527.625
-3.17136	20.6737	4.81359	-2.23632	1.02023e+09	2.14137e+09	6090.53	527.238
-2.90183	20.5576	4.88922	-2.24282	1.01948e+09	2.1398e+09	6086.07	526.852
-2.61576	20.4406	4.99941	-2.24022	1.01874e+09	2.13824e+09	6081.62	526.467
-2.47225	20.2971	4.71076	-2.29993	1.01799e+09	2.13668e+09	6077.18	526.083
-2.23167	20.1494	4.74115	-2.59924	1.01725e+09	2.13512e+09	6072.75	525.699
-2.05917	19.9591	4.55915	-2.70907	1.01651e+09	2.13356e+09	6068.33	525.316
-1.83997	19.7815	4.54161	-2.95501	1.01577e+09	2.13201e+09	6063.92	524.934
-1.63008	19.6178	4.4933	-2.98377	1.01503e+09	2.13047e+09	6059.51	524.553
-1.38625	19.43	4.55079	-3.2538	1.0143e+09	2.12892e+09	6055.12	524.173
-1.23689	19.2777	4.34354	-3.23313	1.01356e+09	2.12738e+09	6050.74	523.794
-1.02115	19.0901	4.34001	-3.37862	1.01283e+09	2.12584e+09	6046.37	523.415
-0.915626	18.9151	4.04129	-3.38504	1.0121e+09	2.12431e+09	6042	523.037
-0.69737	18.752	4.08449	-3.3112	1.01137e+09	2.12278e+09	6037.65	522.66
-0.556923	18.6206	3.91765	-3.24611	1.01064e+09	2.12125e+09	6033.3	522.284
-0.369536	18.429	3.89232	-3.4418	1.00992e+09	2.11972e+09	6028.97	521.909
-0.292589	18.2545	3.57697	-3.43841	1.00919e+09	2.1182e+09	6024.64	521.534
-0.129008	18.0598	3.53214	-3.67267	1.00847e+09	2.11669e+09	6020.32	521.16
0.0642261	17.8881	3.57771	-3.65234	1.00775e+09	2.11517e+09	6016.01	520.788
0.266777	17.7111	3.64559	-3.53489	1.00703e+09	2.11366e+09	6011.72	520.415
0.462816	17.5416	3.68297	-3.52304	1.00631e+09	2.11215e+09	6007.43	520.044
0.69471	17.3885	3.81453	-3.47751	1.00559e+09	2.11065e+09	6003.15	519.674
0.758421	17.2015	3.47331	-3.4862	1.00488e+09	2.10915e+09	5998.87	519.304
0.919152	17.0045	3.42611	-3.68814	1.00416e+09	2.10765e+09	5994.61	518.935
0.992299	16.8321	3.16312	-3.6531	1.00345e+09	2.10615e+09	5990.36	518.567
1.15144	16.6214	3.14413	-3.95993	1.00274e+09	2.10466e+09	5986.12	518.199
1.23152	16.4061	2.93688	-3.98017	1.00203e+09	2.10317e+09	5981.88	517.833
1.37608	16.1982	2.92366	-4.06676	1.00132e+09	2.10168e+09	5977.65	517.467
1.63331	15.9763	3.22165	-4.1176	1.00062e+09	2.1002e+09	5973.44	517.102
1.74728	15.7729	3.09258	-4.11126	9.9991e+08	2.09872e+09	5969.23	516.738
1.72098	15.5826	2.60733	-4.0494	9.99207e+08	2.09725e+09	5965.03	516.374
1.88185	15.3926	2.68649	-4.05799	9.98505e+08	2.09577e+09	5960.84	516.011
2.01636	15.1828	2.68722	-4.07062	9.97805e+08	2.0943e+09	5956.66	515.649
2.1524	14.9557	2.66007	-4.32039	9.97106e+08	2.09284e+09	5952.48	515.288
2.3319	14.7143	2.78591	-4.37641	9.96408e+08	2.09137e+09	5948.32	514.928
2.44986	14.4778	2.71912	-4.45771	9.95712e+08	2.08991e+09	5944.17	514.568
2.62924	14.2856	2.83312	-4.41189	9.95017e+08	2.08845e+09	5940.02	514.209
2.78329	14.0451	2.83437	-4.61015	9.94324e+08	2.087e+09	5935.88	513.851
2.88163	13.8222	2.71791	-4.58454	9.93633e+08	2.08555e+09	5931.75	513.493
2.99795	13.5767	2.66101	-4.63355	9.92942e+08	2.0841e+09	5927.63	513.137
3.0061	13.3763	2.32496	-4.53877	9.92253e+08	2.08265e+09	5923.52	512.781
3.0938	13.1803	2.26987	-4.37055	9.91566e+08	2.08121e+09	5919.42	512.425
3.23791	12.9821	2.34896	-4.34215	9.9088e+08	2.07977e+09	5915.32	512.071
3.37507	12.7516	2.4276	-4.28994	9.90196e+08	2.07833e+09	5911.23	511.717
3.3976	12.625	2.15288	-4.0938	9.89512e+08	2.0769e+09	5907.16	511.364
3.52312	12.406	2.1715	-4.23243	9.88831e+08	2.07547e+09	5903.09	511.012
3.65416	12.1874	2.2322	-4.25322	9.8815e+08	2.07404e+09	5899.02	510.66
3.73609	11.9739	2.14339	-4.27212	9.87472e+08	2.07261e+09	5894.97	510.309
3.88182	11.7519	2.24671	-4.30213	9.86794e+08	2.07119e+09	5890.93	509.959
3.96644	11.5336	2.11311	-4.46109	9.86118e+08	2.06977e+09	5886.89	509.61
4.08045	11.2668	2.14345	-4.54789	9.85443e+08	2.06836e+09	5882.86	509.261
4.21742	11.0562	2.2322	-4.49465	9.8477e+08	2.06694e+09	5878.84	508.913
4.24749	10.8955	2.00553	-4.33616	9.84098e+08	2.06553e+09	5874.83	508.566
4.32014	10.6783	1.89399	-4.41435	9.83427e+08	2.06413e+09	5870.83	508.219
4.41414	10.4642	1.89069	-4.40126	9.82758e+08	2.06272e+09	5866.83	507.873
4.52585	10.2328	1.92144	-4.46844	9.8209e+08	2.06132e+09	5862.85	507.528
4.5774	10.0172	1.80417	-4.43217	9.81424e+08	2.05992e+09	5858.87	507.184
4.67293	9.79489	1.7631	-4.54564	9.80759e+08	2.05852e+09	5854.9	506.84
4.71477	9.60802	1.63334	-4.44242	9.80095e+08	2.05713e+09	5850.93	506.497
4.75589	9.45145	1.53146	-4.24869	9.79432e+08	2.05574e+09	5846.98	506.155
4.79118	9.20234	1.43582	-4.30124	9.78771e+08	2.05435e+09	5843.03	505.813
4.88836	8.94839	1.48403	-4.44489	9.78111e+08	2.05297e+09	5839.09	505.472
5.00674	8.68356	1.60897	-4.55478	9.77453e+08	2.05159e+09	5835.16	505.132
5.13511	8.44823	1.80663	-4.48241	9.76796e+08	2.05021e+09	5831.24	504.792
5.23169	8.18447	1.83445	-4.5682	9.7614e+08	2.04883e+09	5827.33	504.453
5.35644	7.93355	1.95254	-4.59647	9.75486e+08	2.04746e+09	5823.42	504.115
5.42048	7.7058	1.86895	-4.57177	9.74832e+08	2.04609e+09	5819.52	503.778
5.54422	7.45804	1.96052	-4.61932	9.74181e+08	2.04472e+09	5815.63	503.441
5.56298	7.24306	1.76279	-4.53421	9.7353e+08	2.04335e+09	5811.74	503.105
5.66876	7.03057	1.92997	-4.36323	9.72881e+08	2.04199e+09	5807.87	502.769
5.79103	6.79734	1.99676	-4.41369	9.72233e+08	2.04063e+09	5804	502.434
5.82385	6.59105	1.69052	-4.48351	9.71586e+08	2.03927e+09	5800.14	502.1
5.8592	6.37839	1.57117	-4.42399	9.70941e+08	2.03792e+09	5796.29	501.767
5.93313	6.11497	1.54552	-4.54813	9.70297e+08	2.03657e+09	5792.44	501.434
5.99109	5.90588	1.49446	-4.49233	9.69654e+08	2.03522e+09	5788.61	501.102
6.03435	5.67244	1.29688	-4.60385	9.69012e+08	2.03387e+09	5784.78	500.77
6.07876	5.46805	1.24172	-4.52833	9.68372e+08	2.03253e+09	5780.95	500.439
6.15672	5.23349	1.31696	-4.52999	9.67733e+08	2.03119e+09	5777.14	500.109
6.24896	4.97858	1.38529	-4.61745	9.67096e+08	2.02985e+09	5773.33	499.779
6.29963	4.80344	1.30312	-4.48163	9.66459e+08	2.02851e+09	5769.53	499.45
6.44938	4.47387	1.51934	-4.8045	9.65824e+08	2.02718e+09	5765.74	499.122
6.55021	4.22617	1.71518	-4.75691	9.6519e+08	2.02585e+09	5761.96	498.795
6.67632	3.93783	1.8136	-4.91492	9.64557e+08	2.02452e+09	5758.18	498.468
6.79406	3.69017	1.98165	-4.88286	9.63926e+08	2.02319e+09	5754.41	498.141
6.82327	3.52928	1.82193	-4.61517	9.63296e+08	2.02187e+09	5750.65	497.816
6.89988	3.31596	1.79343	-4.55679	9.62667e+08	2.02055e+09	5746.89	497.491
7.00409	3.18244	1.80575	-4.31002	9.62039e+08	2.01923e+09	5743.14	497.166
7.10108	3.03509	1.94828	-4.07309	9.61412e+08	2.01792e+09	5739.4	496.842
7.20682	2.81862	1.96657	-4.11328	9.60787e+08	2.01661e+09	5735.67	496.519
7.3076	2.61174	1.8375	-4.16106	9.60163e+08	2.0153e+09	5731.95	496.197
7.38964	2.39271	1.81979	-4.18602	9.5954e+08	2.01399e+09	5728.23	495.875
7.46865	2.12397	1.70416	-4.37255	9.58918e+08	2.01268e+09	5724.52	495.553
7.56453	1.85896	1.72764	-4.50813	9.58298e+08	2.01138e+09	5720.81	495.233
7.69569	1.63292	2.00378	-4.49614	9.57679e+08	2.01008e+09	5717.12	494.913
7.83619	1.27506	2.07741	-4.89152	9.57061e+08	2.00878e+09	5713.43	494.593
7.95209	1.09003	2.15831	-4.7195	9.56444e+08	2.00749e+09	5709.74	494.275
8.00898	0.859519	2.06557	-4.68628	9.55828e+08	2.0062e+09	5706.07	493.956
8.12263	0.634254	2.19343	-4.65856	9.55214e+08	2.00491e+09	5702.4	493.639
8.24951	0.454793	2.23309	-4.50963	9.546e+08	2.00362e+09	5698.74	493.322
8.38321	0.262503	2.25846	-4.41847	9.53988e+08	2.00234e+09	5695.08	493.006
8.49481	0.126119	2.27223	-4.17541	9.53377e+08	2.00105e+09	5691.44	492.69
8.67684	-0.0864541	2.74122	-4.2125	9.52767e+08	1.99977e+09	5687.8	492.375
8.84052	-0.241484	2.80089	-4.0582	9.52159e+08	1.9985e+09	5684.16	492.06
8.99344	-0.362011	2.92605	-3.82903	9.51551e+08	1.99722e+09	5680.54	491.746
9.14359	-0.569925	2.92931	-3.87639	9.50945e+08	1.99595e+09	5676.92	491.433
9.2877	-0.805816	2.91029	-3.99616	9.5034e+08	1.99468e+09	5673.31	491.12
9.37805	-1.11606	2.78372	-4.30335	9.49736e+08	1.99341e+09	5669.7	490.808
9.53194	-1.38505	2.99345	-4.48949	9.49133e+08	1.99215e+09	5666.1	490.497
9.71029	-1.59291	3.05073	-4.44374	9.48532e+08	1.99088e+09	5662.51	490.186
9.84093	-1.75484	2.84591	-4.2364	9.47931e+08	1.98962e+09	5658.92	489.875
9.94472	-1.92848	2.78758	-4.13184	9.47332e+08	1.98836e+09	5655.35	489.566
10.1117	-2.14865	3.08239	-4.22596	9.46733e+08	1.98711e+09	5651.77	489.256
10.2578	-2.34569	3.07246	-4.1873	9.46136e+08	1.98585e+09	5648.21	488.948
10.3707	-2.50239	2.8323	-3.99665	9.4554e+08	1.9846e+09	5644.65	488.64
10.5136	-2.75469	2.81613	-4.1396	9.44945e+08	1.98336e+09	5641.1	488.332
10.6465	-2.94104	2.732	-4.06102	9.44352e+08	1.98211e+09	5637.56	488.026
10.7619	-3.11303	2.70378	-3.97989	9.43759e+08	1.98087e+09	5634.02	487.719
10.9539	-3.3149	3.16677	-4.09398	9.43167e+08	1.97962e+09	5630.49	487.414
11.1243	-3.47933	3.20469	-3.98398	9.42577e+08	1.97838e+09	5626.96	487.109
11.3004	-3.66207	3.3595	-3.97714	9.41988e+08	1.97715e+09	5623.44	486.804
11.4891	-3.86327	3.39783	-3.97965	9.414e+08	1.97591e+09	5619.93	486.5
11.6646	-4.07087	3.40121	-4.00016	9.40813e+08	1.97468e+09	5616.43	486.197
11.8482	-4.25511	3.43297	-3.95569	9.40227e+08	1.97345e+09	5612.93	485.894
12.0461	-4.45668	3.53244	-3.97938	9.39642e+08	1.97222e+09	5609.44	485.592
12.2518	-4.57943	3.61769	-3.77261	9.39058e+08	1.971e+09	5605.95	485.29
12.4551	-4.75273	3.8207	-3.7874	9.38475e+08	1.96977e+09	5602.47	484.989
12.6703	-4.83369	3.90864	-3.49813	9.37893e+08	1.96855e+09	5599	484.688
12.864	-4.99378	3.82537	-3.42527	9.37313e+08	1.96734e+09	5595.54	484.388
13.0685	-5.15501	3.85455	-3.39588	9.36733e+08	1.96612e+09	5592.08	484.089
13.2313	-5.31908	3.79074	-3.38533	9.36155e+08	1.96491e+09	5588.62	483.79
13.3917	-5.50569	3.7283	-3.4377	9.35578e+08	1.96369e+09	5585.18	483.491
13.6351	-5.66076	4.13855	-3.50307	9.35001e+08	1.96248e+09	5581.74	483.194
13.8268	-5.79258	4.12514	-3.39521	9.34426e+08	1.96128e+09	5578.3	482.896
14.0607	-5.95475	4.25877	-3.40067	9.33852e+08	1.96007e+09	5574.88	482.6
14.3102	-6.05886	4.35416	-3.22094	9.33279e+08	1.95887e+09	5571.45	482.303
14.5265	-6.21833	4.33835	-3.21141	9.32707e+08	1.95767e+09	5568.04	482.008
14.7759	-6.2679	4.44137	-2.91722	9.32136e+08	1.95647e+09	5564.63	481.713
14.9914	-6.40335	4.47648	-2.91094	9.31566e+08	1.95527e+09	5561.23	481.418
15.1712	-6.46188	4.42191	-2.70006	9.30997e+08	1.95408e+09	5557.83	481.124
15.4034	-6.58951	4.42092	-2.6667	9.30429e+08	1.95289e+09	5554.44	480.831
15.64	-6.66963	4.46925	-2.52581	9.29862e+08	1.9517e+09	5551.06	480.538
15.8813	-6.79843	4.66782	-2.59736	9.29297e+08	1.95051e+09	5547.68	480.245
16.1327	-6.93624	4.69991	-2.61248	9.28732e+08	1.94932e+09	5544.31	479.954
16.3156	-7.04187	4.4106	-2.47872	9.28168e+08	1.94814e+09	5540.94	479.662
16.5581	-7.13216	4.46435	-2.38628	9.27605e+08	1.94696e+09	5537.59	479.372
16.7687	-7.25595	4.45602	-2.40943	9.27044e+08	1.94578e+09	5534.23	479.081
17.0215	-7.28254	4.54534	-2.16099	9.26483e+08	1.9446e+09	5530.89	478.792
17.2324	-7.36628	4.46302	-2.0782	9.25923e+08	1.94343e+09	5527.54	478.502
17.5243	-7.29016	4.65461	-1.59842	9.25365e+08	1.94226e+09	5524.21	478.214
17.8052	-7.3372	4.95197	-1.57733	9.24807e+08	1.94109e+09	5520.88	477.925
18.0795	-7.31372	5.03503	-1.30762	9.24251e+08	1.93992e+09	5517.56	477.638
18.3046	-7.33046	4.84671	-1.1292	9.23695e+08	1.93875e+09	5514.24	477.351
18.5548	-7.34525	4.8739	-1.02002	9.2314e+08	1.93759e+09	5510.93	477.064
18.8357	-7.39108	4.99063	-1.01228	9.22587e+08	1.93643e+09	5507.63	476.778
19.0673	-7.40009	4.96822	-0.910504	9.22034e+08	1.93527e+09	5504.33	476.492
19.2881	-7.46611	4.83246	-0.943253	9.21483e+08	1.93411e+09	5501.03	476.207
19.641	-7.37009	5.08379	-0.54349	9.20932e+08	1.93295e+09	5497.75	475.923
19.9079	-7.39246	5.14161	-0.538873	9.20382e+08	1.9318e+09	5494.46	475.639
20.2072	-7.34646	5.24083	-0.339175	9.19834e+08	1.93065e+09	5491.19	475.355
20.4703	-7.38012	5.34129	-0.41842	9.19286e+08	1.9295e+09	5487.92	475.072
20.68	-7.40803	5.23102	-0.452304	9.18739e+08	1.92835e+09	5484.66	474.79
20.9096	-7.40841	4.95371	-0.326386	9.18194e+08	1.92721e+09	5481.4	474.508
21.1874	-7.29257	5.04336	0.0226548	9.17649e+08	1.92606e+09	5478.15	474.226
21.4458	-7.28281	5.06378	0.0449482	9.17105e+08	1.92492e+09	5474.9	473.945
21.6584	-7.37494	4.96495	-0.209833	9.16562e+08	1.92378e+09	5471.66	473.665
21.8727	-7.35781	4.57129	-0.0362753	9.1602e+08	1.92264e+09	5468.42	473.384
22.2089	-7.13652	4.82679	0.568825	9.15479e+08	1.92151e+09	5465.2	473.105
22.3962	-7.11391	4.44523	0.623382	9.14939e+08	1.92038e+09	5461.97	472.826
22.5974	-6.98614	4.42669	0.868051	9.144e+08	1.91924e+09	5458.75	472.547
22.8454	-6.97043	4.66468	0.745343	9.13862e+08	1.91812e+09	5455.54	472.269
23.069	-6.96894	4.63931	0.650029	9.13325e+08	1.91699e+09	5452.34	471.992
23.2557	-6.94048	4.40799	0.669556	9.12789e+08	1.91586e+09	5449.14	471.715
23.5065	-6.81	4.48403	0.929019	9.12254e+08	1.91474e+09	5445.94	471.438
23.7556	-6.7762	4.61222	0.878871	9.1172e+08	1.91362e+09	5442.75	471.162
23.9871	-6.62124	4.6351	1.16772	9.11186e+08	1.9125e+09	5439.57	470.886
24.1922	-6.55015	4.38742	1.2468	9.10654e+08	1.91138e+09	5436.39	470.611
24.4694	-6.33572	4.52198	1.6566	9.10123e+08	1.91027e+09	5433.22	470.337
24.7144	-6.24857	4.66659	1.64641	9.09592e+08	1.90915e+09	5430.05	470.062
24.9603	-6.09069	4.70196	1.84657	9.09062e+08	1.90804e+09	5426.89	469.789
